0 -1.5 0.25
0.015625 -1.4609375 0.22686767578125
0.03125 -1.421875 0.204345703125
0.046875 -1.3828125 0.18243408203125
0.0625 -1.34375 0.1611328125
0.078125 -1.3046875 0.14044189453125
0.09375 -1.265625 0.120361328125
0.109375 -1.2265625 0.10089111328125
0.125 -1.1875 0.08203125
0.140625 -1.1484375 0.06378173828125
0.15625 -1.109375 0.046142578125
0.171875 -1.0703125 0.02911376953125
0.1875 -1.03125 0.0126953125
0.203125 -0.9921875 -0.00311279296875
0.21875 -0.953125 -0.018310546875
0.234375 -0.9140625 -0.03289794921875
0.25 -0.875 -0.046875
0.265625 -0.8359375 -0.06024169921875
0.28125 -0.796875 -0.072998046875
0.296875 -0.7578125 -0.08514404296875
0.3125 -0.71875 -0.0966796875
0.328125 -0.6796875 -0.10760498046875
0.34375 -0.640625 -0.117919921875
0.359375 -0.6015625 -0.12762451171875
0.375 -0.5625 -0.13671875
0.390625 -0.5234375 -0.14520263671875
0.40625 -0.484375 -0.153076171875
0.421875 -0.4453125 -0.16033935546875
0.4375 -0.40625 -0.1669921875
0.453125 -0.3671875 -0.17303466796875
0.46875 -0.328125 -0.178466796875
0.484375 -0.2890625 -0.18328857421875
0.5 -0.25 -0.1875
0.515625 -0.2109375 -0.19110107421875
0.53125 -0.171875 -0.194091796875
0.546875 -0.1328125 -0.19647216796875
0.5625 -0.09375 -0.1982421875
0.578125 -0.0546875 -0.19940185546875
0.59375 -0.015625 -0.199951171875
0.609375 0.0234375 -0.19989013671875
0.625 0.0625 -0.19921875
0.640625 0.1015625 -0.19793701171875
0.65625 0.140625 -0.196044921875
0.671875 0.1796875 -0.19354248046875
0.6875 0.21875 -0.1904296875
0.703125 0.2578125 -0.18670654296875
0.71875 0.296875 -0.182373046875
0.734375 0.3359375 -0.17742919921875
0.75 0.375 -0.171875
0.765625 0.4140625 -0.16571044921875
0.78125 0.453125 -0.158935546875
0.796875 0.4921875 -0.15155029296875
0.8125 0.53125 -0.1435546875
0.828125 0.5703125 -0.13494873046875
0.84375 0.609375 -0.125732421875
0.859375 0.6484375 -0.11590576171875
0.875 0.6875 -0.10546875
0.890625 0.7265625 -0.09442138671875
0.90625 0.765625 -0.082763671875
0.921875 0.8046875 -0.07049560546875
0.9375 0.84375 -0.0576171875
0.953125 0.8828125 -0.04412841796875
0.96875 0.921875 -0.030029296875
0.984375 0.9609375 -0.01531982421875
1 1 0
1.015625 1.0390625 0.01593017578125
1.03125 1.078125 0.032470703125
1.046875 1.1171875 0.04962158203125
1.0625 1.15625 0.0673828125
1.078125 1.1953125 0.08575439453125
1.09375 1.234375 0.104736328125
1.109375 1.2734375 0.12432861328125
1.125 1.3125 0.14453125
1.140625 1.3515625 0.16534423828125
1.15625 1.390625 0.186767578125
1.171875 1.4296875 0.20880126953125
1.1875 1.46875 0.2314453125
1.203125 1.5078125 0.25469970703125
1.21875 1.546875 0.278564453125
1.234375 1.5859375 0.30303955078125
1.25 1.625 0.328125
1.265625 1.6640625 0.35382080078125
1.28125 1.703125 0.380126953125
1.296875 1.7421875 0.40704345703125
1.3125 1.78125 0.4345703125
1.328125 1.8203125 0.46270751953125
1.34375 1.859375 0.491455078125
1.359375 1.8984375 0.52081298828125
1.375 1.9375 0.55078125
1.390625 1.9765625 0.58135986328125
1.40625 2.015625 0.612548828125
1.421875 2.0546875 0.64434814453125
1.4375 2.09375 0.6767578125
1.453125 2.1328125 0.70977783203125
1.46875 2.171875 0.743408203125
1.484375 2.2109375 0.77764892578125
1.5 2.25 0.8125
1.515625 2.3046875 0.84808349609375
1.53125 2.359375 0.884521484375
1.546875 2.4140625 0.92181396484375
1.5625 2.46875 0.9599609375
1.578125 2.5234375 0.99896240234375
1.59375 2.578125 1.038818359375
1.609375 2.6328125 1.07952880859375
1.625 2.6875 1.12109375
1.640625 2.7421875 1.16351318359375
1.65625 2.796875 1.206787109375
1.671875 2.8515625 1.25091552734375
1.6875 2.90625 1.2958984375
1.703125 2.9609375 1.34173583984375
1.71875 3.015625 1.388427734375
1.734375 3.0703125 1.43597412109375
1.75 3.125 1.484375
1.765625 3.1796875 1.53363037109375
1.78125 3.234375 1.583740234375
1.796875 3.2890625 1.63470458984375
1.8125 3.34375 1.6865234375
1.828125 3.3984375 1.73919677734375
1.84375 3.453125 1.792724609375
1.859375 3.5078125 1.84710693359375
1.875 3.5625 1.90234375
1.890625 3.6171875 1.95843505859375
1.90625 3.671875 2.015380859375
1.921875 3.7265625 2.07318115234375
1.9375 3.78125 2.1318359375
1.953125 3.8359375 2.19134521484375
1.96875 3.890625 2.251708984375
1.984375 3.9453125 2.31292724609375
2 4 2.375
2.015625 4.0703125 2.43804931640625
2.03125 4.140625 2.502197265625
2.046875 4.2109375 2.56744384765625
2.0625 4.28125 2.6337890625
2.078125 4.3515625 2.70123291015625
2.09375 4.421875 2.769775390625
2.109375 4.4921875 2.83941650390625
2.125 4.5625 2.91015625
2.140625 4.6328125 2.98199462890625
2.15625 4.703125 3.054931640625
2.171875 4.7734375 3.12896728515625
2.1875 4.84375 3.2041015625
2.203125 4.9140625 3.28033447265625
2.21875 4.984375 3.357666015625
2.234375 5.0546875 3.43609619140625
2.25 5.125 3.515625
2.265625 5.1953125 3.59625244140625
2.28125 5.265625 3.677978515625
2.296875 5.3359375 3.76080322265625
2.3125 5.40625 3.8447265625
2.328125 5.4765625 3.92974853515625
2.34375 5.546875 4.015869140625
2.359375 5.6171875 4.10308837890625
2.375 5.6875 4.19140625
2.390625 5.7578125 4.28082275390625
2.40625 5.828125 4.371337890625
2.421875 5.8984375 4.46295166015625
2.4375 5.96875 4.5556640625
2.453125 6.0390625 4.64947509765625
2.46875 6.109375 4.744384765625
2.484375 6.1796875 4.84039306640625
2.5 6.25 4.9375
2.515625 6.3359375 5.03582763671875
2.53125 6.421875 5.135498046875
2.546875 6.5078125 5.23651123046875
2.5625 6.59375 5.3388671875
2.578125 6.6796875 5.44256591796875
2.59375 6.765625 5.547607421875
2.609375 6.8515625 5.65399169921875
2.625 6.9375 5.76171875
2.640625 7.0234375 5.87078857421875
2.65625 7.109375 5.981201171875
2.671875 7.1953125 6.09295654296875
2.6875 7.28125 6.2060546875
2.703125 7.3671875 6.32049560546875
2.71875 7.453125 6.436279296875
2.734375 7.5390625 6.55340576171875
2.75 7.625 6.671875
2.765625 7.7109375 6.79168701171875
2.78125 7.796875 6.912841796875
2.796875 7.8828125 7.03533935546875
2.8125 7.96875 7.1591796875
2.828125 8.0546875 7.28436279296875
2.84375 8.140625 7.410888671875
2.859375 8.2265625 7.53875732421875
2.875 8.3125 7.66796875
2.890625 8.3984375 7.79852294921875
2.90625 8.484375 7.930419921875
2.921875 8.5703125 8.06365966796875
2.9375 8.65625 8.1982421875
2.953125 8.7421875 8.33416748046875
2.96875 8.828125 8.471435546875
2.984375 8.9140625 8.61004638671875
3 9 8.75
3.015625 9.1015625 8.89141845703125
3.03125 9.203125 9.034423828125
3.046875 9.3046875 9.17901611328125
3.0625 9.40625 9.3251953125
3.078125 9.5078125 9.47296142578125
3.09375 9.609375 9.622314453125
3.109375 9.7109375 9.77325439453125
3.125 9.8125 9.92578125
3.140625 9.9140625 10.0798950195313
3.15625 10.015625 10.235595703125
3.171875 10.1171875 10.3928833007813
3.1875 10.21875 10.5517578125
3.203125 10.3203125 10.7122192382813
3.21875 10.421875 10.874267578125
3.234375 10.5234375 11.0379028320313
3.25 10.625 11.203125
3.265625 10.7265625 11.3699340820313
3.28125 10.828125 11.538330078125
3.296875 10.9296875 11.7083129882813
3.3125 11.03125 11.8798828125
3.328125 11.1328125 12.0530395507813
3.34375 11.234375 12.227783203125
3.359375 11.3359375 12.4041137695313
3.375 11.4375 12.58203125
3.390625 11.5390625 12.7615356445313
3.40625 11.640625 12.942626953125
3.421875 11.7421875 13.1253051757813
3.4375 11.84375 13.3095703125
3.453125 11.9453125 13.4954223632813
3.46875 12.046875 13.682861328125
3.484375 12.1484375 13.8718872070313
3.5 12.25 14.0625
3.515625 12.3671875 14.2548217773438
3.53125 12.484375 14.448974609375
3.546875 12.6015625 14.6449584960938
3.5625 12.71875 14.8427734375
3.578125 12.8359375 15.0424194335938
3.59375 12.953125 15.243896484375
3.609375 13.0703125 15.4472045898438
3.625 13.1875 15.65234375
3.640625 13.3046875 15.8593139648438
3.65625 13.421875 16.068115234375
3.671875 13.5390625 16.2787475585938
3.6875 13.65625 16.4912109375
3.703125 13.7734375 16.7055053710938
3.71875 13.890625 16.921630859375
3.734375 14.0078125 17.1395874023438
3.75 14.125 17.359375
3.765625 14.2421875 17.5809936523438
3.78125 14.359375 17.804443359375
3.796875 14.4765625 18.0297241210938
3.8125 14.59375 18.2568359375
3.828125 14.7109375 18.4857788085938
3.84375 14.828125 18.716552734375
3.859375 14.9453125 18.9491577148438
3.875 15.0625 19.18359375
3.890625 15.1796875 19.4198608398438
3.90625 15.296875 19.657958984375
3.921875 15.4140625 19.8978881835938
3.9375 15.53125 20.1396484375
3.953125 15.6484375 20.3832397460938
3.96875 15.765625 20.628662109375
3.984375 15.8828125 20.8759155273438
4 16 21.125
4.015625 16.1328125 21.3760375976563
4.03125 16.265625 21.629150390625
4.046875 16.3984375 21.8843383789063
4.0625 16.53125 22.1416015625
4.078125 16.6640625 22.4009399414063
4.09375 16.796875 22.662353515625
4.109375 16.9296875 22.9258422851563
4.125 17.0625 23.19140625
4.140625 17.1953125 23.4590454101563
4.15625 17.328125 23.728759765625
4.171875 17.4609375 24.0005493164063
4.1875 17.59375 24.2744140625
4.203125 17.7265625 24.5503540039063
4.21875 17.859375 24.828369140625
4.234375 17.9921875 25.1084594726563
4.25 18.125 25.390625
4.265625 18.2578125 25.6748657226563
4.28125 18.390625 25.961181640625
4.296875 18.5234375 26.2495727539063
4.3125 18.65625 26.5400390625
4.328125 18.7890625 26.8325805664063
4.34375 18.921875 27.127197265625
4.359375 19.0546875 27.4238891601563
4.375 19.1875 27.72265625
4.390625 19.3203125 28.0234985351563
4.40625 19.453125 28.326416015625
4.421875 19.5859375 28.6314086914063
4.4375 19.71875 28.9384765625
4.453125 19.8515625 29.2476196289063
4.46875 19.984375 29.558837890625
4.484375 20.1171875 29.8721313476563
4.5 20.25 30.1875
4.515625 20.3984375 30.5050659179688
4.53125 20.546875 30.824951171875
4.546875 20.6953125 31.1471557617188
4.5625 20.84375 31.4716796875
4.578125 20.9921875 31.7985229492188
4.59375 21.140625 32.127685546875
4.609375 21.2890625 32.4591674804688
4.625 21.4375 32.79296875
4.640625 21.5859375 33.1290893554688
4.65625 21.734375 33.467529296875
4.671875 21.8828125 33.8082885742188
4.6875 22.03125 34.1513671875
4.703125 22.1796875 34.4967651367188
4.71875 22.328125 34.844482421875
4.734375 22.4765625 35.1945190429688
4.75 22.625 35.546875
4.765625 22.7734375 35.9015502929688
4.78125 22.921875 36.258544921875
4.796875 23.0703125 36.6178588867188
4.8125 23.21875 36.9794921875
4.828125 23.3671875 37.3434448242188
4.84375 23.515625 37.709716796875
4.859375 23.6640625 38.0783081054688
4.875 23.8125 38.44921875
4.890625 23.9609375 38.8224487304688
4.90625 24.109375 39.197998046875
4.921875 24.2578125 39.5758666992188
4.9375 24.40625 39.9560546875
4.953125 24.5546875 40.3385620117188
4.96875 24.703125 40.723388671875
4.984375 24.8515625 41.1105346679688
5 25 41.5
5.015625 25.1640625 41.8919067382813
5.03125 25.328125 42.286376953125
5.046875 25.4921875 42.6834106445313
5.0625 25.65625 43.0830078125
5.078125 25.8203125 43.4851684570313
5.09375 25.984375 43.889892578125
5.109375 26.1484375 44.2971801757813
5.125 26.3125 44.70703125
5.140625 26.4765625 45.1194458007813
5.15625 26.640625 45.534423828125
5.171875 26.8046875 45.9519653320313
5.1875 26.96875 46.3720703125
5.203125 27.1328125 46.7947387695313
5.21875 27.296875 47.219970703125
5.234375 27.4609375 47.6477661132813
5.25 27.625 48.078125
5.265625 27.7890625 48.5110473632813
5.28125 27.953125 48.946533203125
5.296875 28.1171875 49.3845825195313
5.3125 28.28125 49.8251953125
5.328125 28.4453125 50.2683715820313
5.34375 28.609375 50.714111328125
5.359375 28.7734375 51.1624145507813
5.375 28.9375 51.61328125
5.390625 29.1015625 52.0667114257813
5.40625 29.265625 52.522705078125
5.421875 29.4296875 52.9812622070313
5.4375 29.59375 53.4423828125
5.453125 29.7578125 53.9060668945313
5.46875 29.921875 54.372314453125
5.484375 30.0859375 54.8411254882813
5.5 30.25 55.3125
5.515625 30.4296875 55.7865600585938
5.53125 30.609375 56.263427734375
5.546875 30.7890625 56.7431030273438
5.5625 30.96875 57.2255859375
5.578125 31.1484375 57.7108764648438
5.59375 31.328125 58.198974609375
5.609375 31.5078125 58.6898803710938
5.625 31.6875 59.18359375
5.640625 31.8671875 59.6801147460938
5.65625 32.046875 60.179443359375
5.671875 32.2265625 60.6815795898438
5.6875 32.40625 61.1865234375
5.703125 32.5859375 61.6942749023438
5.71875 32.765625 62.204833984375
5.734375 32.9453125 62.7182006835938
5.75 33.125 63.234375
5.765625 33.3046875 63.7533569335938
5.78125 33.484375 64.275146484375
5.796875 33.6640625 64.7997436523438
5.8125 33.84375 65.3271484375
5.828125 34.0234375 65.8573608398438
5.84375 34.203125 66.390380859375
5.859375 34.3828125 66.9262084960938
5.875 34.5625 67.46484375
5.890625 34.7421875 68.0062866210938
5.90625 34.921875 68.550537109375
5.921875 35.1015625 69.0975952148438
5.9375 35.28125 69.6474609375
5.953125 35.4609375 70.2001342773438
5.96875 35.640625 70.755615234375
5.984375 35.8203125 71.3139038085938
6 36 71.875
6.015625 36.1953125 72.4390258789063
6.03125 36.390625 73.006103515625
6.046875 36.5859375 73.5762329101563
6.0625 36.78125 74.1494140625
6.078125 36.9765625 74.7256469726563
6.09375 37.171875 75.304931640625
6.109375 37.3671875 75.8872680664063
6.125 37.5625 76.47265625
6.140625 37.7578125 77.0610961914063
6.15625 37.953125 77.652587890625
6.171875 38.1484375 78.2471313476563
6.1875 38.34375 78.8447265625
6.203125 38.5390625 79.4453735351563
6.21875 38.734375 80.049072265625
6.234375 38.9296875 80.6558227539063
6.25 39.125 81.265625
6.265625 39.3203125 81.8784790039063
6.28125 39.515625 82.494384765625
6.296875 39.7109375 83.1133422851563
6.3125 39.90625 83.7353515625
6.328125 40.1015625 84.3604125976563
6.34375 40.296875 84.988525390625
6.359375 40.4921875 85.6196899414063
6.375 40.6875 86.25390625
6.390625 40.8828125 86.8911743164063
6.40625 41.078125 87.531494140625
6.421875 41.2734375 88.1748657226563
6.4375 41.46875 88.8212890625
6.453125 41.6640625 89.4707641601563
6.46875 41.859375 90.123291015625
6.484375 42.0546875 90.7788696289063
6.5 42.25 91.4375
6.515625 42.4609375 92.0993041992188
6.53125 42.671875 92.764404296875
6.546875 42.8828125 93.4328002929688
6.5625 43.09375 94.1044921875
6.578125 43.3046875 94.7794799804688
6.59375 43.515625 95.457763671875
6.609375 43.7265625 96.1393432617188
6.625 43.9375 96.82421875
6.640625 44.1484375 97.5123901367188
6.65625 44.359375 98.203857421875
6.671875 44.5703125 98.8986206054688
6.6875 44.78125 99.5966796875
6.703125 44.9921875 100.298034667969
6.71875 45.203125 101.002685546875
6.734375 45.4140625 101.710632324219
6.75 45.625 102.421875
6.765625 45.8359375 103.136413574219
6.78125 46.046875 103.854248046875
6.796875 46.2578125 104.575378417969
6.8125 46.46875 105.2998046875
6.828125 46.6796875 106.027526855469
6.84375 46.890625 106.758544921875
6.859375 47.1015625 107.492858886719
6.875 47.3125 108.23046875
6.890625 47.5234375 108.971374511719
6.90625 47.734375 109.715576171875
6.921875 47.9453125 110.463073730469
6.9375 48.15625 111.2138671875
6.953125 48.3671875 111.967956542969
6.96875 48.578125 112.725341796875
6.984375 48.7890625 113.486022949219
7 49 114.25
7.015625 49.2265625 115.017395019531
7.03125 49.453125 115.788330078125
7.046875 49.6796875 116.562805175781
7.0625 49.90625 117.3408203125
7.078125 50.1328125 118.122375488281
7.09375 50.359375 118.907470703125
7.109375 50.5859375 119.696105957031
7.125 50.8125 120.48828125
7.140625 51.0390625 121.283996582031
7.15625 51.265625 122.083251953125
7.171875 51.4921875 122.886047363281
7.1875 51.71875 123.6923828125
7.203125 51.9453125 124.502258300781
7.21875 52.171875 125.315673828125
7.234375 52.3984375 126.132629394531
7.25 52.625 126.953125
7.265625 52.8515625 127.777160644531
7.28125 53.078125 128.604736328125
7.296875 53.3046875 129.435852050781
7.3125 53.53125 130.2705078125
7.328125 53.7578125 131.108703613281
7.34375 53.984375 131.950439453125
7.359375 54.2109375 132.795715332031
7.375 54.4375 133.64453125
7.390625 54.6640625 134.496887207031
7.40625 54.890625 135.352783203125
7.421875 55.1171875 136.212219238281
7.4375 55.34375 137.0751953125
7.453125 55.5703125 137.941711425781
7.46875 55.796875 138.811767578125
7.484375 56.0234375 139.685363769531
7.5 56.25 140.5625
7.515625 56.4921875 141.443298339844
7.53125 56.734375 142.327880859375
7.546875 56.9765625 143.216247558594
7.5625 57.21875 144.1083984375
7.578125 57.4609375 145.004333496094
7.59375 57.703125 145.904052734375
7.609375 57.9453125 146.807556152344
7.625 58.1875 147.71484375
7.640625 58.4296875 148.625915527344
7.65625 58.671875 149.540771484375
7.671875 58.9140625 150.459411621094
7.6875 59.15625 151.3818359375
7.703125 59.3984375 152.308044433594
7.71875 59.640625 153.238037109375
7.734375 59.8828125 154.171813964844
7.75 60.125 155.109375
7.765625 60.3671875 156.050720214844
7.78125 60.609375 156.995849609375
7.796875 60.8515625 157.944763183594
7.8125 61.09375 158.8974609375
7.828125 61.3359375 159.853942871094
7.84375 61.578125 160.814208984375
7.859375 61.8203125 161.778259277344
7.875 62.0625 162.74609375
7.890625 62.3046875 163.717712402344
7.90625 62.546875 164.693115234375
7.921875 62.7890625 165.672302246094
7.9375 63.03125 166.6552734375
7.953125 63.2734375 167.642028808594
7.96875 63.515625 168.632568359375
7.984375 63.7578125 169.626892089844
8 64 170.625
8.015625 64.2578125 171.627014160156
8.03125 64.515625 172.633056640625
8.046875 64.7734375 173.643127441406
8.0625 65.03125 174.6572265625
8.078125 65.2890625 175.675354003906
8.09375 65.546875 176.697509765625
8.109375 65.8046875 177.723693847656
8.125 66.0625 178.75390625
8.140625 66.3203125 179.788146972656
8.15625 66.578125 180.826416015625
8.171875 66.8359375 181.868713378906
8.1875 67.09375 182.9150390625
8.203125 67.3515625 183.965393066406
8.21875 67.609375 185.019775390625
8.234375 67.8671875 186.078186035156
8.25 68.125 187.140625
8.265625 68.3828125 188.207092285156
8.28125 68.640625 189.277587890625
8.296875 68.8984375 190.352111816406
8.3125 69.15625 191.4306640625
8.328125 69.4140625 192.513244628906
8.34375 69.671875 193.599853515625
8.359375 69.9296875 194.690490722656
8.375 70.1875 195.78515625
8.390625 70.4453125 196.883850097656
8.40625 70.703125 197.986572265625
8.421875 70.9609375 199.093322753906
8.4375 71.21875 200.2041015625
8.453125 71.4765625 201.318908691406
8.46875 71.734375 202.437744140625
8.484375 71.9921875 203.560607910156
8.5 72.25 204.6875
8.515625 72.5234375 205.818542480469
8.53125 72.796875 206.953857421875
8.546875 73.0703125 208.093444824219
8.5625 73.34375 209.2373046875
8.578125 73.6171875 210.385437011719
8.59375 73.890625 211.537841796875
8.609375 74.1640625 212.694519042969
8.625 74.4375 213.85546875
8.640625 74.7109375 215.020690917969
8.65625 74.984375 216.190185546875
8.671875 75.2578125 217.363952636719
8.6875 75.53125 218.5419921875
8.703125 75.8046875 219.724304199219
8.71875 76.078125 220.910888671875
8.734375 76.3515625 222.101745605469
8.75 76.625 223.296875
8.765625 76.8984375 224.496276855469
8.78125 77.171875 225.699951171875
8.796875 77.4453125 226.907897949219
8.8125 77.71875 228.1201171875
8.828125 77.9921875 229.336608886719
8.84375 78.265625 230.557373046875
8.859375 78.5390625 231.782409667969
8.875 78.8125 233.01171875
8.890625 79.0859375 234.245300292969
8.90625 79.359375 235.483154296875
8.921875 79.6328125 236.725280761719
8.9375 79.90625 237.9716796875
8.953125 80.1796875 239.222351074219
8.96875 80.453125 240.477294921875
8.984375 80.7265625 241.736511230469
9 81 243
9.015625 81.2890625 244.267883300781
9.03125 81.578125 245.540283203125
9.046875 81.8671875 246.817199707031
9.0625 82.15625 248.0986328125
9.078125 82.4453125 249.384582519531
9.09375 82.734375 250.675048828125
9.109375 83.0234375 251.970031738281
9.125 83.3125 253.26953125
9.140625 83.6015625 254.573547363281
9.15625 83.890625 255.882080078125
9.171875 84.1796875 257.195129394531
9.1875 84.46875 258.5126953125
9.203125 84.7578125 259.834777832031
9.21875 85.046875 261.161376953125
9.234375 85.3359375 262.492492675781
9.25 85.625 263.828125
9.265625 85.9140625 265.168273925781
9.28125 86.203125 266.512939453125
9.296875 86.4921875 267.862121582031
9.3125 86.78125 269.2158203125
9.328125 87.0703125 270.574035644531
9.34375 87.359375 271.936767578125
9.359375 87.6484375 273.304016113281
9.375 87.9375 274.67578125
9.390625 88.2265625 276.052062988281
9.40625 88.515625 277.432861328125
9.421875 88.8046875 278.818176269531
9.4375 89.09375 280.2080078125
9.453125 89.3828125 281.602355957031
9.46875 89.671875 283.001220703125
9.484375 89.9609375 284.404602050781
9.5 90.25 285.8125
9.515625 90.5546875 287.225036621094
9.53125 90.859375 288.642333984375
9.546875 91.1640625 290.064392089844
9.5625 91.46875 291.4912109375
9.578125 91.7734375 292.922790527344
9.59375 92.078125 294.359130859375
9.609375 92.3828125 295.800231933594
9.625 92.6875 297.24609375
9.640625 92.9921875 298.696716308594
9.65625 93.296875 300.152099609375
9.671875 93.6015625 301.612243652344
9.6875 93.90625 303.0771484375
9.703125 94.2109375 304.546813964844
9.71875 94.515625 306.021240234375
9.734375 94.8203125 307.500427246094
9.75 95.125 308.984375
9.765625 95.4296875 310.473083496094
9.78125 95.734375 311.966552734375
9.796875 96.0390625 313.464782714844
9.8125 96.34375 314.9677734375
9.828125 96.6484375 316.475524902344
9.84375 96.953125 317.988037109375
9.859375 97.2578125 319.505310058594
9.875 97.5625 321.02734375
9.890625 97.8671875 322.554138183594
9.90625 98.171875 324.085693359375
9.921875 98.4765625 325.622009277344
9.9375 98.78125 327.1630859375
9.953125 99.0859375 328.708923339844
9.96875 99.390625 330.259521484375
9.984375 99.6953125 331.814880371094
