0 1
0.0625 0.9990236891356
0.125 0.996097774804091
0.1875 0.991231301554892
0.25 0.984435929573612
0.3125 0.975734543649599
0.375 0.96515153625477
0.4375 0.952717846213706
0.5 0.938469807511853
0.5625 0.922449021569001
0.625 0.904702223358347
0.6875 0.885281130899964
0.75 0.864242276111897
0.8125 0.841646821410986
0.875 0.817560361639225
0.9375 0.792052714072289
1 0.765197687663207
1.0625 0.737072847676859
1.125 0.707759263897904
1.1875 0.677341249318336
1.25 0.645906088010586
1.3125 0.613543753837898
1.375 0.580346618273296
1.4375 0.546409165527473
1.5 0.511827808330185
1.5625 0.476699910260994
1.625 0.441124831136264
1.6875 0.405202250699087
1.75 0.369032530938717
1.8125 0.332716269803479
1.875 0.296353951271258
1.9375 0.260045670422928
2 0.223890780432206
2.0625 0.187987631233728
2.125 0.15243319410039
2.1875 0.117322804649184
2.25 0.0827498527815254
2.3125 0.0488054954662351
2.375 0.0155783745831184
2.4375 -0.0168456517377146
2.5 -0.0483837513023652
2.5625 -0.0789564579597729
2.625 -0.108487807408487
2.6875 -0.136905532298343
2.75 -0.164141426518766
2.8125 -0.190131432471547
2.875 -0.214815853148189
2.9375 -0.238139521679746
3 -0.260051955090554
3.0625 -0.280507488830596
3.125 -0.299465429397872
3.1875 -0.316890945467612
3.25 -0.332750834239732
3.3125 -0.347022353199378
3.375 -0.359684751518253
3.4375 -0.370723055472322
3.5 -0.380127740270722
3.5625 -0.387894698889569
3.625 -0.394024986325893
3.6875 -0.398524933555348
3.75 -0.401406057523751
3.8125 -0.402685032898307
3.875 -0.402383405121622
3.9375 -0.400527882152386
4 -0.397149810654497
4.0625 -0.392285243574778
4.125 -0.38597474765755
4.1875 -0.378263234794088
4.25 -0.369199835140762
4.3125 -0.358837409112405
4.375 -0.34723295425332
4.4375 -0.33444676414088
4.5 -0.320542511795189
4.5625 -0.305586949492955
4.625 -0.289649659710774
4.6875 -0.272802798487613
4.75 -0.255120827097842
4.8125 -0.236680374437137
4.875 -0.217559363484326
4.9375 -0.197837883981848
5 -0.177596776091628
5.0625 -0.156917899571832
5.125 -0.136042175478074
5.1875 -0.114577162646777
5.25 -0.0930809955926522
5.3125 -0.0714778884063181
5.375 -0.0498501763481752
5.4375 -0.0282785507421993
5.5 -0.00684387681424255
5.5625 0.0143751727438332
5.625 0.0353013193796411
5.6875 0.0558506499340559
5.75 0.0759753385312876
5.8125 0.0955789615965369
5.875 0.114601689710905
5.9375 0.132977971658587
6 0.150644919399644
6.0625 0.16754423459094
6.125 0.183618979084042
6.1875 0.198817119740879
6.25 0.213090059594187
6.3125 0.226393089645995
6.375 0.238685125911768
6.4375 0.249929820600614
6.5 0.260094725945797
6.5625 0.269151299551858
6.625 0.277076115014538
6.6875 0.28384959920493
6.75 0.289456260842506
6.8125 0.293887187813641
6.875 0.297134870381082
6.9375 0.299197818121542
7 0.300079285175429
7.0625 0.29978630563956
7.125 0.298330379434511
7.1875 0.295727291046151
7.25 0.291996930396112
7.3125 0.287163229549043
7.375 0.281254059456477
7.4375 0.274301076563032
7.5 0.266339658477695
7.5625 0.257408555730392
7.625 0.24754990924994
7.6875 0.236808996665737
7.75 0.225234069561621
7.8125 0.212876107887782
7.875 0.199788657883167
7.9375 0.186027567327879
8 0.171650778893468
8.0625 0.156718253250241
8.125 0.141291387741944
8.1875 0.125433108401697
8.25 0.109207486142685
8.3125 0.0926794501544689
8.375 0.0759146752268957
8.4375 0.0589792024370055
8.5 0.0419392530966026
8.5625 0.0248609844362842
8.625 0.00781015845478772
8.6875 -0.00914792782688019
8.75 -0.0259481317596569
8.8125 -0.0425292321574866
8.875 -0.0588269425531618
8.9375 -0.0747813431853924
9 -0.0903336100770396
9.0625 -0.10542667320752
9.125 -0.120005762655534
9.1875 -0.134018297945389
9.25 -0.147414263737347
9.3125 -0.160146304400782
9.375 -0.17216990498047
9.4375 -0.183443531577546
9.5 -0.193928755718425
9.5625 -0.203590409553582
9.625 -0.212396705328574
9.6875 -0.220319232419342
9.75 -0.227333577290561
9.8125 -0.233417628236118
9.875 -0.238554717926323
9.9375 -0.242730774073207
10 -0.245935764100627
10.0625 -0.248163402336587
10.125 -0.249411181810648
10.1875 -0.249680305990805
10.25 -0.248975779227018
10.3125 -0.247306243102953
10.375 -0.244683985179235
10.4375 -0.241124868781364
10.5 -0.236648207650397
10.5625 -0.231276736802234
10.625 -0.225036500442765
10.6875 -0.217956674520827
10.75 -0.210069489800703
10.8125 -0.201410107175945
10.875 -0.192016364247927
10.9375 -0.181928796338682
11 -0.171191013315193
11.0625 -0.159846044587141
11.125 -0.147943261927313
11.1875 -0.135531092663038
11.25 -0.122660246049671
11.3125 -0.109383068245677
11.375 -0.0957530804627099
11.4375 -0.0818248906566467
11.5 -0.067653948748952
11.5625 -0.053296343552902
11.625 -0.0388085756370128
11.6875 -0.0242473481345392
11.75 -0.00966935121175869
11.8125 0.00486896264632178
11.875 0.0193116916220573
11.9375 0.0336032086787484
12 0.0476893088957747
12.0625 0.0615164949188629
12.125 0.0750326157872623
12.1875 0.088186999446084
12.25 0.100930608452298
12.3125 0.113216177399454
12.375 0.124998667150361
12.4375 0.136234855839412
12.5 0.146884056259658
12.5625 0.156908003622
12.625 0.166270977507296
12.6875 0.174940062537716
12.75 0.182885021190275
12.8125 0.190078799403477
12.875 0.196497097763698
12.9375 0.20211882424708
13 0.206926002926922
13.0625 0.210904218936892
13.125 0.21404175167967
13.1875 0.216330505164984
13.25 0.217765679623949
13.3125 0.218345730442219
13.375 0.218072419034671
13.4375 0.216950800952006
13.5 0.214989188402856
13.5625 0.21219900038987
13.625 0.208594929570043
13.6875 0.204194663501117
13.75 0.199018884517055
13.8125 0.193091171487367
13.875 0.186437923672847
13.9375 0.179088127321747
14 0.171073477589831
14.0625 0.162427974224657
14.125 0.153187935233701
14.1875 0.143391812365406
14.25 0.133080085814231
14.3125 0.122294867002031
14.375 0.111080152141918
14.4375 0.0994812736376864
14.5 0.0875448654829186
14.5625 0.0753186751465453
14.625 0.0628513525287863
14.6875 0.0501922853643487
14.75 0.0373913883640429
14.8125 0.0244989140013434
14.875 0.011565256109951
14.9375 -0.00135923715915083
15 -0.0142244703715487
15.0625 -0.0269807813240818
15.125 -0.0395791249957069
15.1875 -0.0519712814365562
15.25 -0.0641100216752707
15.3125 -0.0759492692056467
15.375 -0.0874443149646966
15.4375 -0.0985519543677884
15.5 -0.109230648892641
15.5625 -0.119440692527013
15.625 -0.129144324694864
15.6875 -0.138305915459969
15.75 -0.146892100766631
15.8125 -0.154871781961137
15.875 -0.162216380708148
15.9375 -0.168899939233074
16 -0.174898946048868
16.0625 -0.180193207762673
16.125 -0.184764429835603
16.1875 -0.18859789386384
16.25 -0.191681542414951
16.3125 -0.194006269641291
16.375 -0.195565986934605
16.4375 -0.196357490508807
16.5 -0.196380701742339
16.5625 -0.195638398132561
16.625 -0.19413637099599
16.6875 -0.191883296736285
16.75 -0.188890756069262
16.8125 -0.185173151914534
16.875 -0.180747516301875
16.9375 -0.175633750812243
17 -0.16985425367532
17.0625 -0.163433899271113
17.125 -0.156399980154672
17.1875 -0.148782058389061
17.25 -0.140611899868814
17.3125 -0.131923098902139
17.375 -0.122751428450369
17.4375 -0.11313420849734
17.5 -0.103110409558412
17.5625 -0.0927204012881436
17.625 -0.0820058762367353
17.6875 -0.071009705992154
17.75 -0.0597753585301404
17.8125 -0.0483475653274169
17.875 -0.0367713310957501
17.9375 -0.0250921665936797
18 -0.0133558089094855
18.0625 -0.0016080784967429
18.125 0.0101052555130985
18.1875 0.0217390785304309
18.25 0.0332481383038109
18.3125 0.0445981050893073
18.375 0.0557158852035231
18.4375 0.0665885327706435
18.5 0.0771648171069334
18.5625 0.0874046095725294
18.625 0.097269237972479
18.6875 0.106721604387225
18.75 0.115726399240649
18.8125 0.124250054441445
18.875 0.1322610615422
18.9375 0.139729909087571
19 0.1466294688499
19.0625 0.152934668259686
19.125 0.158623023263798
19.1875 0.163674415930183
19.25 0.168071258371568
19.3125 0.171798615233297
19.375 0.174844120806939
19.4375 0.177198183352201
19.5 0.178853822856829
19.5625 0.179806872829299
19.625 0.180055854413854
19.6875 0.179602092221851
19.75 0.17844944736877
19.8125 0.176604740399188
19.875 0.174077318506756
19.9375 0.17087909872688
20 0.167024665669692
20.0625 0.162531049621566
20.125 0.157417769386272
20.1875 0.151706476088299
20.25 0.145421396426772
20.3125 0.138588691795545
20.375 0.131236622090353
20.4375 0.123395373360479
20.5 0.115096963102361
20.5625 0.106375035150138
20.625 0.0972648196214415
20.6875 0.0878029395236354
20.75 0.0780272202964986
20.8125 0.0679766664548513
20.875 0.0576912274140219
20.9375 0.0472115753035962
21 0.0365790743162697
21.0625 0.0258356732865786
21.125 0.0150231069294953
21.1875 0.00418402210607711
21.25 -0.00663941435243785
21.3125 -0.0174051089380115
21.375 -0.0280716029790332
21.4375 -0.0385973925978082
21.5 -0.048942043457556
21.5625 -0.059065820849245
21.625 -0.0689299728191846
21.6875 -0.0784968790045136
21.75 -0.0877301741611424
21.8125 -0.0965948759510904
21.875 -0.105057535240441
21.9375 -0.113086417235291
22 -0.120651535654933
22.0625 -0.127724599991016
22.125 -0.134279655260773
22.1875 -0.1402926319854
22.25 -0.145742163765067
22.3125 -0.150606912949652
22.375 -0.154871363609321
22.4375 -0.158519994097863
22.5 -0.161540342870141
22.5625 -0.163922307729596
22.625 -0.165658520261991
22.6875 -0.166743930903504
22.75 -0.167176120646482
22.8125 -0.166955159747546
22.875 -0.166083778512174
22.9375 -0.164567160619077
23 -0.16241278389927
23.0625 -0.159630959542899
23.125 -0.156234138730508
23.1875 -0.152237239721587
23.25 -0.147657409103975
23.3125 -0.142514046367758
23.375 -0.136828684565929
23.4375 -0.130624899838744
23.5 -0.123928255487637
23.5625 -0.116766059609109
23.625 -0.109167486118826
23.6875 -0.101163259517834
23.75 -0.0927856066536425
23.8125 -0.0840681409183087
23.875 -0.07504562356207
23.9375 -0.06575405228053
24 -0.0562302789833979
24.0625 -0.0465119777859968
24.125 -0.0366374907447838
24.1875 -0.0266456718136314
24.25 -0.0165757267440387
24.3125 -0.00646705134939117
24.375 0.003640896113806
24.4375 0.0137087542823721
24.5 0.0236974333110841
24.5625 0.0335682363020411
24.625 0.0432830697721078
24.6875 0.0528044284214692
24.75 0.0620957918380913
24.8125 0.071121535820673
24.875 0.0798472101701883
24.9375 0.0882396006352452
25 0.0962667828514868
25.0625 0.103898492955248
25.125 0.1111059877462
25.1875 0.117862256680195
25.25 0.124142091628342
25.3125 0.129922197089128
25.375 0.135181379099669
25.4375 0.139900383144019
25.5 0.144062161657325
25.5625 0.14765190422904
25.625 0.15065696176763
25.6875 0.153067156541387
25.75 0.154874421737886
25.8125 0.156073296492433
25.875 0.156660579219931
25.9375 0.15663786085614
26 0.155999304524701
26.0625 0.154756381325961
26.125 0.152912776690489
26.1875 0.150477281781784
26.25 0.147460502695084
26.3125 0.143875843029411
26.375 0.139739542034767
26.4375 0.135065960776995
26.5 0.129877631209129
26.5625 0.124194945079083
26.625 0.118041209511295
26.6875 0.11144149010025
26.75 0.104422524920717
26.8125 0.0970126894979129
26.875 0.0892416920286665
26.9375 0.0811406575703007
27 0.072741918029841
27.0625 0.0640788762739913
27.125 0.0551858538889191
27.1875 0.0460980810441172
27.25 0.0368513547928892
27.3125 0.0274820754719235
27.375 0.0180270224814044
27.4375 0.00852320313325531
27.5 -0.000992229306109366
27.5625 -0.0104821882798157
27.625 -0.0199097591590973
27.6875 -0.0292383822823835
27.75 -0.0384319167012564
27.8125 -0.0474548639410086
27.875 -0.0562724864741636
27.9375 -0.0648507844139627
28 -0.0731570349528718
28.0625 -0.081159348637554
28.125 -0.0888261684234935
28.1875 -0.0961317574761734
28.25 -0.10304507349206
28.3125 -0.109541219838328
28.375 -0.115595623932565
28.4375 -0.121185867581304
28.5 -0.12629119294772
28.5625 -0.130892592550906
28.625 -0.134973417475615
28.6875 -0.1385188495609
28.75 -0.141516240665232
28.8125 -0.143955089179406
28.875 -0.145827151664092
28.9375 -0.147126312477355
29 -0.147848764243807
29.0625 -0.147992942050909
29.125 -0.147559515439189
29.1875 -0.146551401300468
29.25 -0.144973814449582
29.3125 -0.142834057947564
29.375 -0.14014168731448
29.4375 -0.136908546650111
29.5 -0.133147862426565
29.5625 -0.12887591639328
29.625 -0.124110285424926
29.6875 -0.118870521935555
29.75 -0.113178095260919
29.8125 -0.10705613034566
29.875 -0.100529365832786
29.9375 -0.0936240134395826
30 -0.0863679859135028
30.0625 -0.0787900737290301
30.125 -0.0709205512200975
30.1875 -0.0627906732235471
30.25 -0.0544326752110634
30.3125 -0.0458795814099494
30.375 -0.0371651438947916
30.4375 -0.0283236304171606
30.5 -0.019389806686957
30.5625 -0.0103976308402333
30.625 -0.0013851218184696
30.6875 0.00761531052100542
30.75 0.0165677397160687
30.8125 0.0254373526874567
30.875 0.0341897631231195
30.9375 0.0427910885774675
31 0.0512081465695301
31.0625 0.0594084746403035
31.125 0.0673605618908697
31.1875 0.0750339196253406
31.25 0.0823992225533838
31.3125 0.0894283258036653
31.375 0.0960945195697109
31.4375 0.102372755540771
31.5 0.1082400603145
31.5625 0.113671300444557
31.625 0.118649505375168
31.6875 0.123155091880075
31.75 0.127170633302364
31.8125 0.130683342219555
31.875 0.133678794674206
31.9375 0.136146863313583
32 0.138085469453644
32.0625 0.139468701759318
32.125 0.140311707660252
32.1875 0.140605522424629
32.25 0.140350239399589
32.3125 0.139547972006895
32.375 0.138202850686776
32.4375 0.136321162138845
32.5 0.13391128150945
32.5625 0.130983607468506
32.625 0.127550609473871
32.6875 0.123626456267872
32.75 0.11922756470679
32.8125 0.114371924921751
32.875 0.109079322055543
32.9375 0.103371225768657
33 0.0972706734644706
33.0625 0.0908021583037428
33.125 0.083991668823685
33.1875 0.0768662994339672
33.25 0.0694547359282955
33.3125 0.0617855938301487
33.375 0.053890054636287
33.4375 0.0457990280137023
33.5 0.0375444401365971
33.5625 0.0291587649246758
33.625 0.0206749363097124
33.6875 0.0121261443232504
33.75 0.00354599931215294
33.8125 -0.00503216112008782
33.875 -0.0135748492260151
33.9375 -0.0220488601058206
34 -0.0304211759180795
34.0625 -0.038659495212484
34.125 -0.0467318143752148
34.1875 -0.0546084210959025
34.25 -0.0622550120864952
34.3125 -0.0696460258773511
34.375 -0.0767519005517408
34.4375 -0.0835454526343215
34.5 -0.090000656386045
34.5625 -0.0960931596021541
34.625 -0.101799587986173
34.6875 -0.107098664539186
34.75 -0.111970342147911
34.8125 -0.116396345508202
34.875 -0.120360435474842
34.9375 -0.123847773476939
35 -0.126845713459099
35.0625 -0.129343360264605
35.125 -0.131331956088595
35.1875 -0.13280462406346
35.25 -0.133756540079458
35.3125 -0.134185023470561
35.375 -0.13408899702848
35.4375 -0.13347010940918
35.5 -0.132331568278056
35.5625 -0.130678727452417
35.625 -0.128518944950613
35.6875 -0.125861525224535
35.75 -0.122717696551716
35.8125 -0.119100567842502
35.875 -0.115025062645289
35.9375 -0.110507878154895
36 -0.105567383442877
36.0625 -0.100223583743857
36.125 -0.094497958652365
36.1875 -0.0884136118192493
36.25 -0.081994777056571
36.3125 -0.0752670878715733
36.375 -0.0682573640912505
36.4375 -0.0609932323321711
36.5 -0.0535036420448913
36.5625 -0.0458180773772559
36.625 -0.0379669548612709
36.6875 -0.0299810428009532
36.75 -0.0218917988641704
36.8125 -0.0137307679532707
36.875 -0.00553007103206954
36.9375 0.00267829687305066
37 0.0108623706884961
37.0625 0.0189902320802896
37.125 0.0270297725687782
37.1875 0.0349513924455515
37.25 0.0427228033661397
37.3125 0.050314499766586
37.375 0.0576971744980545
37.4375 0.0648424012198976
37.5 0.0717227100398274
37.5625 0.0783117113544454
37.625 0.0845841898693208
37.6875 0.0905162818859509
37.75 0.0960854722764164
37.8125 0.10127029331842
37.875 0.106051549071866
37.9375 0.110411130142392
38 0.114332871830795
38.0625 0.117801807696424
38.125 0.12080554433914
38.1875 0.123333099135608
38.25 0.125375108748461
38.3125 0.126924697385636
38.375 0.127976520999885
38.4375 0.12852730154612
38.5 0.128575689824567
38.5625 0.128122316510671
38.625 0.127169784742841
38.6875 0.12572258981332
38.75 0.12378717428127
38.8125 0.12137189476968
38.875 0.118486811466036
38.9375 0.115144277921073
39 0.111357706512252
39.0625 0.107142693142278
39.125 0.102516367809443
39.1875 0.0974975220141585
39.25 0.0921060638261982
39.3125 0.0863638887457729
39.375 0.0802938449102996
39.4375 0.0739201437888681
39.5 0.0672680984333439
39.5625 0.0603641009003291
39.625 0.053235482925224
39.6875 0.0459103529338278
39.75 0.0384176258273426
39.8125 0.0307867665225313
39.875 0.023047750210302
39.9375 0.0152309381031392
40 0.00736689076545487
40.0625 -0.000513606210431339
40.125 -0.00837981684413223
40.1875 -0.0162012093761475
40.25 -0.0239469736286423
40.3125 -0.0315874346420235
40.375 -0.0390927848150525
40.4375 -0.0464339932661237
40.5 -0.0535826778565255
40.5625 -0.0605112328718366
40.625 -0.0671930591156675
40.6875 -0.0736025132042747
40.75 -0.0797147150801867
40.8125 -0.0855066128912216
40.875 -0.0909561510021005
40.9375 -0.0960421333199581
41 -0.100750698588318
41.0625 -0.105049154716708
41.125 -0.108936065120711
41.1875 -0.11239216317767
41.25 -0.115404156699089
41.3125 -0.117961399004075
41.375 -0.120054544177103
41.4375 -0.121675921812975
41.5 -0.122820323519467
41.5625 -0.123483629937369
41.625 -0.123664101441673
41.6875 -0.123361712843043
41.75 -0.122578488807963
41.8125 -0.121318099289019
41.875 -0.119586201927796
41.9375 -0.117390245215968
42 -0.114739497271172
42.0625 -0.111644968260475
42.125 -0.108119345554176
42.1875 -0.104177047095408
42.25 -0.0998342244494389
42.3125 -0.0951081651522345
42.375 -0.090018306700922
42.4375 -0.0845839989125932
42.5 -0.0788279872799239
42.5625 -0.0727728279251012
42.625 -0.0664425650302171
42.6875 -0.0598652337599461
42.75 -0.0530581478414141
42.8125 -0.0460568430104463
42.875 -0.0388860668892118
42.9375 -0.0315739528418658
43 -0.0241492889692311
43.0625 -0.0166411142397069
43.125 -0.00907910403482394
43.1875 -0.00149239623304228
43.25 0.00608911741327604
43.3125 0.0136358990785721
43.375 0.0211185885138219
43.4375 0.028508213035176
43.5 0.0357757089913951
43.5625 0.0428933341023436
43.625 0.0498333577104424
43.6875 0.0565689837254735
43.75 0.0630742417520218
43.8125 0.0693239341435334
43.875 0.0752944590144916
43.9375 0.0809625904867683
44 0.0863067064072446
44.0625 0.0913064416054669
44.125 0.095942794958597
44.1875 0.100198199907864
44.25 0.104056564540782
44.3125 0.107503628979006
44.375 0.110526018453554
44.4375 0.113113004453045
44.5 0.11525495448984
44.5625 0.116944144266956
44.625 0.118174624621949
44.6875 0.118942228518768
44.75 0.119244639756337
44.8125 0.119081292387801
44.875 0.118408624019119
44.9375 0.11736431149191
45 0.115818670424663
45.0625 0.113823179814182
45.125 0.111386368491987
45.1875 0.108518227723109
45.25 0.105230577622947
45.3125 0.101536821022761
45.375 0.0974519401381847
45.4375 0.0929924044571869
45.5 0.088176096614658
45.5625 0.0830223140688211
45.625 0.0775516213068711
45.6875 0.0717857882254054
45.75 0.0657477267317357
45.8125 0.0594612962000549
45.875 0.0529514319558972
45.9375 0.046243793874652
46 0.039364727415013
46.0625 0.0323415457760205
46.125 0.0252016031701359
46.1875 0.0179729870783329
46.25 0.0106840119751324
46.3125 0.00336318502317266
46.375 -0.00396090590771789
46.4375 -0.0112596418161741
46.5 -0.0185046629146462
46.5625 -0.0256677195512804
46.625 -0.0327210108069487
46.6875 -0.0396371611034194
46.75 -0.0463893705248574
46.8125 -0.0529515439740117
46.875 -0.059298321606956
46.9375 -0.0654052444815273
47 -0.0712487893577441
47.0625 -0.07680653666225
47.125 -0.0820571792502276
47.1875 -0.0869806543052039
47.25 -0.0915581762004033
47.3125 -0.0957723231508932
47.375 -0.0996071940293306
47.4375 -0.103048289019618
47.5 -0.106082927372064
47.5625 -0.108699104590712
47.625 -0.110888017380612
47.6875 -0.112641351962237
47.75 -0.11395261067106
47.8125 -0.114817574290414
47.875 -0.115233332289727
47.9375 -0.115198874505045
48 -0.114714887718586
48.0625 -0.113783856973788
48.125 -0.112410316348414
48.1875 -0.110599274279759
48.25 -0.108359288324198
48.3125 -0.105699328905837
48.375 -0.102630295084646
48.4375 -0.0991646843606906
48.5 -0.0953166632521752
48.5625 -0.0911015675591829
48.625 -0.0865363856814214
48.6875 -0.081639342750636
48.75 -0.0764299929887919
48.8125 -0.0709295912706814
48.875 -0.0651583651946
48.9375 -0.059140754207221
49 -0.0529000564550547
49.0625 -0.0464608215328035
49.125 -0.0398485068103051
49.1875 -0.0330890869957619
49.25 -0.0262091118214969
49.3125 -0.0192356070593123
49.375 -0.0121958332470215
49.4375 -0.00511729644043646
49.5 0.00197209706214527
49.5625 0.00904492493546301
49.625 0.0160735557286193
49.6875 0.0230305865415142
49.75 0.0298890299890793
49.8125 0.0366222053842299
49.875 0.0432040150158148
49.9375 0.0496089713388315
