0 5.81311416334772E-17
0.0625 0.0312347432270457
0.125 0.0623780085975174
0.1875 0.0933386149874689
0.25 0.124025976359177
0.3125 0.154350366603895
0.375 0.184223355644608
0.4375 0.213557809728821
0.5 0.242268455964916
0.5625 0.270272029508588
0.625 0.297487552209872
0.6875 0.323836608690611
0.75 0.349243603129991
0.8125 0.373635979797802
0.875 0.39694448909208
0.9375 0.419103369589514
1 0.440050688891428
1.0625 0.459728052139132
1.125 0.478081761969109
1.1875 0.495061912298489
1.25 0.510623252800304
1.3125 0.524725040777432
1.375 0.537325461595932
1.4375 0.548410473608553
1.5 0.557936510967899
1.5625 0.56588792731448
1.625 0.572248357135354
1.6875 0.577006501734161
1.75 0.58015618128586
1.8125 0.581696334448985
1.875 0.581630925238975
1.9375 0.579969055379824
2 0.57672480816404
2.0625 0.571917273441073
2.125 0.565570409964418
2.1875 0.557712949012937
2.25 0.548378357517981
2.3125 0.537604631804355
2.375 0.525434211913234
2.4375 0.511913758664485
2.5 0.497094104900814
2.5625 0.481029952813788
2.625 0.463779746694302
2.6875 0.445405462054195
2.75 0.425972304719944
2.8125 0.40554865803987
2.875 0.384205664064592
2.9375 0.3620170726043
3 0.339058965718198
3.0625 0.315409518681891
3.125 0.291148596396779
3.1875 0.266357758233725
3.25 0.241119690102685
3.3125 0.215518095679433
3.375 0.189637339931418
3.4375 0.163562234925841
3.5 0.137377529634845
3.5625 0.111168061960324
3.625 0.0850180365206959
3.6875 0.0590109676226655
3.75 0.033229350245943
3.8125 0.0077543933050096
3.875 -0.0173341827330891
3.9375 -0.0419587438241212
4 -0.0660433246800375
4.0625 -0.0895145452612215
4.125 -0.112301506520887
4.1875 -0.134336064301631
4.25 -0.1555531900018
4.3125 -0.175890886615329
4.375 -0.195290552514519
4.4375 -0.21369757251532
4.5 -0.231060429622397
4.5625 -0.247331945017229
4.625 -0.262468912165954
4.6875 -0.276432082403726
4.75 -0.289186832265643
4.8125 -0.300702589108234
4.875 -0.310953464368081
4.9375 -0.319917947455929
5 -0.327579138422311
5.0625 -0.333924798076792
5.125 -0.338947019061182
5.1875 -0.342642939470295
5.25 -0.345013979979997
5.3125 -0.346066340327289
5.375 -0.345810188957001
5.4375 -0.344261119752716
5.5 -0.341438211955011
5.5625 -0.337365242488281
5.625 -0.332070092459257
5.6875 -0.3255845349049
5.75 -0.317944525301119
5.8125 -0.309189585546848
5.875 -0.299362892491439
5.9375 -0.288511115246779
6 -0.27668386285075
6.0625 -0.263934254067078
6.125 -0.250317917184948
6.1875 -0.235893209392925
6.25 -0.220720877924945
6.3125 -0.20486393853914
6.375 -0.188386967853388
6.4375 -0.17135678714588
6.5 -0.153841305325403
6.5625 -0.13590971473254
6.625 -0.117632143299255
6.6875 -0.099079413711809
6.75 -0.0803227859503677
6.8125 -0.061433673534298
6.875 -0.0424834148904373
6.9375 -0.0235429874755761
7 -0.00468298877776742
7.0625 0.0140275201399033
7.125 0.0325195655963002
7.1875 0.0507261445469805
7.25 0.0685816992163109
7.3125 0.08602237857121
7.375 0.102986387088368
7.4375 0.119414129535297
7.5 0.135248417062044
7.5625 0.150434701906592
7.625 0.164921209612113
7.6875 0.178659055824711
7.75 0.191602597703313
7.8125 0.203712172081345
7.875 0.214940417427686
7.9375 0.225259953138334
8 0.234636348556285
8.0625 0.243041340865543
8.125 0.250450562508646
8.1875 0.256843479846425
8.25 0.262203558736284
8.3125 0.266518103487911
8.375 0.269778469389509
8.4375 0.271979992023705
8.5 0.273121958408283
8.5625 0.273207643357888
8.625 0.272244195343032
8.6875 0.27024266051225
8.75 0.267217447248821
8.8125 0.263188462867023
8.875 0.258176570251214
8.9375 0.252207961674281
9 0.245311786280586
9.0625 0.237520479267982
9.125 0.22886968630954
9.1875 0.219397921668558
9.25 0.209146901153433
9.3125 0.198159958368775
9.375 0.186484428351741
9.4375 0.174168916470202
9.5 0.161264432188002
9.5625 0.147823819632744
9.625 0.133901383337588
9.6875 0.119554169597631
9.75 0.10483851294589
9.8125 0.0898133798963915
9.875 0.0745370276968742
9.9375 0.059070209113501
10 0.0434727578212396
10.0625 0.0278049520634365
10.125 0.0121269497290071
10.1875 -0.00350129516125523
10.25 -0.0190204556016353
10.3125 -0.034371927262504
10.375 -0.0494980627035652
10.4375 -0.0643424865466472
10.5 -0.0788499777566212
10.5625 -0.0929672527212599
10.625 -0.106642484383784
10.6875 -0.119825965323303
10.75 -0.132470101520449
10.8125 -0.144529649251231
10.875 -0.155961651369215
10.9375 -0.16672604545242
11 -0.176785481442035
11.0625 -0.18610487766399
11.125 -0.194653164565196
11.1875 -0.202401700310004
11.25 -0.209325185797874
11.3125 -0.215401599170264
11.375 -0.220612493587037
11.4375 -0.224941896722161
11.5 -0.228378626749726
11.5625 -0.230914041170652
11.625 -0.232543232782554
11.6875 -0.233264752419746
11.75 -0.233080606920811
11.8125 -0.23199622966606
11.875 -0.230020503302796
11.9375 -0.227166781469339
12 -0.22344706473265
12.0625 -0.218883653572758
12.125 -0.213497112875365
12.1875 -0.207312360954879
12.25 -0.200357212167794
12.3125 -0.192662231278142
12.375 -0.184260747214214
12.4375 -0.175188521880532
12.5 -0.165483803251501
12.5625 -0.155187014055884
12.625 -0.144340667218983
12.6875 -0.132989127263659
12.75 -0.121178569520653
12.8125 -0.108956589364566
12.875 -0.0963722550506927
12.9375 -0.0834757011318954
13 -0.0703180538697309
13.0625 -0.0569512024541542
13.125 -0.0434275911077891
13.1875 -0.0298000321945358
13.25 -0.0161214096240384
13.3125 -0.00244484266194615
13.375 0.0111772056157907
13.4375 0.0246924154268619
13.5 0.0380492597490644
13.5625 0.0511970201510832
13.625 0.0640859215505832
13.6875 0.0766674996740434
13.75 0.088894666989801
13.8125 0.100721821707429
13.875 0.112105202461964
13.9375 0.123003118737392
14 0.133375153746572
14.0625 0.143184121924347
14.125 0.152394549460483
14.1875 0.160973451059623
14.25 0.168890553443915
14.3125 0.176118206106127
14.375 0.182631433559787
14.4375 0.188408231304465
14.5 0.193429461648618
14.5625 0.197678988607455
14.625 0.201143629607566
14.6875 0.203813370670873
14.75 0.205681271371013
14.8125 0.206743369935873
14.875 0.206999194488508
14.9375 0.206450958562502
15 0.205104038730502
15.0625 0.202967489839637
15.125 0.200051399595903
15.1875 0.196371612139241
15.25 0.191945025648521
15.3125 0.186791713272278
15.375 0.18093460145863
15.4375 0.174399076500904
15.5 0.167213179210166
15.5625 0.159407263559466
15.625 0.151013958964611
15.6875 0.142068043930252
15.75 0.132606276232132
15.8125 0.122667288228624
15.875 0.11229130506934
15.9375 0.101520209240743
16 0.0903971751694357
16.0625 0.0789666049368122
16.125 0.0672737835506633
16.1875 0.0553650473137962
16.25 0.0432872728182998
16.3125 0.0310877210189263
16.375 0.018814150353279
16.4375 0.00651428135177203
16.5 -0.00576421605448737
16.5625 -0.0179738932658732
16.625 -0.0300677888411766
16.6875 -0.0419994915859834
16.75 -0.0537235587512686
16.8125 -0.0651952747018978
16.875 -0.0763711953263288
16.9375 -0.0872091729033136
17 -0.0976684843497955
17.0625 -0.107710048557244
17.125 -0.117296505662454
17.1875 -0.126392381087949
17.25 -0.134964263883099
17.3125 -0.142980795493145
17.375 -0.150412920698999
17.4375 -0.157234132155085
17.5 -0.163419966906122
17.5625 -0.16894883469983
17.625 -0.173801630953372
17.6875 -0.177961847944731
17.75 -0.181416040628063
17.8125 -0.184153218548207
17.875 -0.186164953900922
17.9375 -0.187446379205922
18 -0.187994880122084
18.0625 -0.187810951178904
18.125 -0.186897709225214
18.1875 -0.185261283220603
18.25 -0.182910449505199
18.3125 -0.179856741345768
18.375 -0.176114429540278
18.4375 -0.171700243882469
18.5 -0.166633668067554
18.5625 -0.160936428513426
18.625 -0.154632763418949
18.6875 -0.14774914445327
18.75 -0.140314156621456
18.8125 -0.132358460840101
18.875 -0.123914600960661
18.9375 -0.115016969405539
19 -0.105701433949479
19.0625 -0.0960055871154379
19.125 -0.0859682095945092
19.1875 -0.0756293452603954
19.25 -0.0650300532133116
19.3125 -0.0542123165394785
19.375 -0.0432187119345653
19.4375 -0.0320921679254548
19.5 -0.0208770721583188
19.5625 -0.00961645206264315
19.625 0.00164564477546522
19.6875 0.012865521312185
19.75 0.0239998075437821
19.8125 0.0350056016608149
19.875 0.0458405825888882
19.9375 0.0564632656829503
20 0.0668331240013047
20.0625 0.0769106921033434
20.125 0.0866578020631627
20.1875 0.0960376337088961
20.25 0.105014968165074
20.3125 0.113556031270706
20.375 0.121629456779905
20.4375 0.129204960843635
20.5 0.136254692783912
20.5625 0.142753035635617
20.625 0.148676298316829
20.6875 0.154003331646128
20.75 0.158715017666662
20.8125 0.162795546565672
20.875 0.166230391155822
20.9375 0.16900819188006
21 0.171120266338569
21.0625 0.172560365361456
21.125 0.173324856203836
21.1875 0.173412773253748
21.25 0.172825794042475
21.3125 0.171568095268217
21.375 0.16964654676411
21.4375 0.167070427307142
21.5 0.163852084964176
21.5625 0.160005393752101
21.625 0.155547259222828
21.6875 0.15049676973809
21.75 0.144875205262427
21.8125 0.138706046623305
21.875 0.132014807271819
21.9375 0.124828937775538
22 0.117177791640903
22.0625 0.109092352868358
22.125 0.100605266472722
22.1875 0.0917506563629456
22.25 0.0825637936407452
22.3125 0.0730815000446019
22.375 0.0633412313473399
22.4375 0.0533838714668273
22.5 0.0432420369026462
22.5625 0.0329622553560108
22.625 0.0225826230713989
22.6875 0.0121437351030208
22.75 0.00168629438135209
22.8125 -0.00874901568292324
22.875 -0.0191217105778117
22.9375 -0.0293919120964897
23 -0.0395193310741702
23.0625 -0.0494656524130077
23.125 -0.0591925132865486
23.1875 -0.0686627270731813
23.25 -0.0778401846211028
23.3125 -0.086690001266213
23.375 -0.0951783072832922
23.4375 -0.103274197490846
23.5 -0.110946138453592
23.5625 -0.118165860718243
23.625 -0.124906382470785
23.6875 -0.131142930446614
23.75 -0.136852460201669
23.8125 -0.142014252314832
23.875 -0.146609662549776
23.9375 -0.15062229508105
24 -0.154038090050754
24.0625 -0.156845275276896
24.125 -0.159034602311903
24.1875 -0.160599049014958
24.25 -0.161534231361032
24.3125 -0.161837897604735
24.375 -0.161511091900215
24.4375 -0.160556130400576
24.5 -0.158978414648105
24.5625 -0.156785772382721
24.625 -0.153988286539305
24.6875 -0.150598230910046
24.75 -0.146630429965209
24.8125 -0.142101702726527
24.875 -0.137031043900778
24.9375 -0.131439600297542
25 -0.125350245611208
25.0625 -0.118788061593859
25.125 -0.111779699608211
25.1875 -0.104353408216658
25.25 -0.0965392122646469
25.3125 -0.0883684074007103
25.375 -0.0798736346896438
25.4375 -0.0710887207601688
25.5 -0.062048538779635
25.5625 -0.0527888590642791
25.625 -0.04334621268151
25.6875 -0.0337577486240754
25.75 -0.0240611615761111
25.8125 -0.0142943535904027
25.875 -0.00449551039931477
25.9375 0.00529722078668838
26 0.0150457447800216
26.0625 0.0247122264553049
26.125 0.0342593638613229
26.1875 0.0436501184453996
26.25 0.0528487523381316
26.3125 0.0618195278067056
26.375 0.0705282748163213
26.4375 0.0789417021376255
26.5 0.0870278081904012
26.5625 0.094755907579476
26.625 0.102096776924054
26.6875 0.109022809900724
26.75 0.115507990629031
26.8125 0.121522051129177
26.875 0.127060853226335
26.9375 0.132085842446136
27 0.13658476044047
27.0625 0.140541182881742
27.125 0.143941084217726
27.1875 0.146772531441437
27.25 0.149025653023344
27.3125 0.150693196459778
27.375 0.151769922784471
27.4375 0.15229521490919
27.5 0.152141895654931
27.5625 0.151438385555015
27.625 0.15014656476512
27.6875 0.148272767386596
27.75 0.145825602201079
27.8125 0.142815890987662
27.875 0.139256553217512
27.9375 0.135162760199701
28 0.130551492449383
28.0625 0.125441941560157
28.125 0.119854812323746
28.1875 0.113813823200674
28.25 0.107342372860261
28.3125 0.100467098762285
28.375 0.0932156603263204
28.4375 0.0856169226752713
28.5 0.0777013579635675
28.5625 0.0695004222993035
28.625 0.061046646110343
28.6875 0.0523734466757048
28.75 0.0435150947062169
28.8125 0.0345064448622107
28.875 0.0253828744798588
28.9375 0.0161801291350628
29 0.00693420501116978
29.0625 -0.00231882989518154
29.125 -0.0115429608420666
29.1875 -0.0207023239024512
29.25 -0.0297614538110954
29.3125 -0.0386852824018838
29.375 -0.0474393666209037
29.4375 -0.0559899904179737
29.5 -0.0643043792373679
29.5625 -0.0723505661521202
29.625 -0.0800979303198353
29.6875 -0.087516795059881
29.75 -0.0945790475749878
29.8125 -0.101257989545826
29.875 -0.107528384176698
29.9375 -0.113366684526927
30 -0.118751060588522
30.0625 -0.123661529393701
30.125 -0.128080756188932
30.1875 -0.131990117895519
30.25 -0.135377803179775
30.3125 -0.138231028276087
30.375 -0.140539768158109
30.4375 -0.142296081458067
30.5 -0.143494282381631
30.5625 -0.144130901805349
30.625 -0.144204556581153
30.6875 -0.143716102412957
30.75 -0.142668602417051
30.8125 -0.14106727740181
30.875 -0.138919462315616
30.9375 -0.13623463337661
31 -0.133027446524913
31.0625 -0.129302076196456
31.125 -0.125083433077471
31.1875 -0.120385775693941
31.25 -0.115228388654744
31.3125 -0.109632251461142
31.375 -0.103620015514872
31.4375 -0.0972159260146205
31.5 -0.0904456939210373
31.5625 -0.0833364252680751
31.625 -0.0759163851584611
31.6875 -0.0682151348669885
31.75 -0.0602632251031155
31.8125 -0.0520921338878725
31.875 -0.0437340204556508
31.9375 -0.0352218420043611
32 -0.0265890301015698
32.0625 -0.0178694357185927
32.125 -0.00909718517203479
32.1875 -0.000306517505479114
32.25 0.00846827955870555
32.3125 0.0171930929882751
32.375 0.0258340289499326
32.4375 0.0343576370166251
32.5 0.0427308694322205
32.5625 0.0509215325441842
32.625 0.0588979931674542
32.6875 0.0666296222691359
32.75 0.0740868571290181
32.8125 0.0812409967993319
32.875 0.0880649254746247
32.9375 0.0945326700651457
33 0.100624549222512
33.0625 0.106303000949316
33.125 0.111561225866546
33.1875 0.116374644200909
33.25 0.120725475467023
33.3125 0.124596595441841
33.375 0.127976733668581
33.4375 0.130850751897433
33.5 0.1332094134148
33.5625 0.135044357358786
33.625 0.136349543876364
33.6875 0.137120815937982
33.75 0.137356157709442
33.8125 0.137055721211088
33.875 0.13622155418222
33.9375 0.134857960273287
34 0.132971197473731
34.0625 0.130569534278292
34.125 0.127663355450642
34.1875 0.124264834264307
34.25 0.120388124383335
34.3125 0.116049205200076
34.375 0.111265810316004
34.4375 0.106057372617299
34.5 0.100444954098549
34.5625 0.0944511307336454
34.625 0.0881001167408493
34.6875 0.0814167957421749
34.75 0.0744283460649719
34.8125 0.0671622287297066
34.875 0.0596473395958628
34.9375 0.0519134895495175
35 0.0439909457437929
35.0625 0.0359111099187843
35.125 0.0277056642365494
35.1875 0.0194068037223506
35.25 0.0110470178635727
35.3125 0.00265896590025932
35.375 -0.00572460324062007
35.4375 -0.0140710697401586
35.5 -0.0223479715675132
35.5625 -0.0305231789471242
35.625 -0.038565075419683
35.6875 -0.0464424756900021
35.75 -0.0541250682521513
35.8125 -0.0615832530449585
35.875 -0.0687882928747524
35.9375 -0.0757126586565317
36 -0.0823298148235596
36.0625 -0.0886145161973647
36.125 -0.0945429225336576
36.1875 -0.100092385103431
36.25 -0.105242100207795
36.3125 -0.109972628829924
36.375 -0.114266303266542
36.4375 -0.118107104542614
36.5 -0.121480860958717
36.5625 -0.124375227122561
36.625 -0.126779739498179
36.6875 -0.128685891549246
36.75 -0.130087055969932
36.8125 -0.130978667678663
36.875 -0.131358101205981
36.9375 -0.131224771391264
37 -0.130580041805635
37.0625 -0.129427273165494
37.125 -0.127771854655159
37.1875 -0.125621038146075
37.25 -0.122984059405831
37.3125 -0.119871999204611
37.375 -0.116297760659625
37.4375 -0.112276083277666
37.5 -0.107823341966321
37.5625 -0.102957623167617
37.625 -0.0976985662569829
37.6875 -0.0920673094144417
37.75 -0.0860864082983133
37.8125 -0.0797797105482044
37.875 -0.0731724542618066
37.9375 -0.0662907500031626
38 -0.059161895227363
38.0625 -0.0518140792722618
38.125 -0.0442762864115455
38.1875 -0.0365782120528381
38.25 -0.0287500895748178
38.3125 -0.0208226793372211
38.375 -0.0128269759018469
38.4375 -0.00479423704427384
38.5 0.00324407442955117
38.5625 0.0112567215409305
38.625 0.0192125102134249
38.6875 0.0270805302212748
38.75 0.0348302337301777
38.8125 0.0424316683161753
38.875 0.0498553905983954
38.9375 0.057072800217762
39 0.0640561024132154
39.0625 0.0707784800171897
39.125 0.0772140418306403
39.1875 0.0833382926334796
39.25 0.089127875289257
39.3125 0.094560600241825
39.375 0.0996160141894427
39.4375 0.104274973963999
39.5 0.108519950981076
39.5625 0.112335104003722
39.625 0.115706075589281
39.6875 0.118620637307215
39.75 0.12106803761778
39.8125 0.123039574323774
39.875 0.124528070327071
39.9375 0.125528729751913
40 0.126038308118872
40.0625 0.126055628346393
40.125 0.125581359958793
40.1875 0.12461812283314
40.25 0.123170431877522
40.3125 0.121244682326643
40.375 0.118849102156928
40.4375 0.115993829933984
40.5 0.112690528783462
40.5625 0.108952942139421
40.625 0.104796227667812
40.6875 0.100237225971562
40.75 0.0952943462126193
40.8125 0.0899874273357338
40.875 0.0843377199892388
40.9375 0.0783677499475373
41 0.0721012644897362
41.0625 0.0655635668546368
41.125 0.0587793275529161
41.1875 0.0517765842913687
41.25 0.0445824757711158
41.3125 0.0372254518691284
41.375 0.0297344369388569
41.4375 0.0221387194296991
41.5 0.0144695102409063
41.5625 0.00675264955591483
41.625 -0.000977592280547961
41.6875 -0.00869241095927282
41.75 -0.0163617586605749
41.8125 -0.0239558922622462
41.875 -0.0314451482361116
41.9375 -0.0388006552369346
42 -0.0459938819819668
42.0625 -0.0529970598085516
42.125 -0.0597831517750039
42.1875 -0.0663260197267322
42.25 -0.072600564686998
42.3125 -0.0785826880482282
42.375 -0.0842495129868258
42.4375 -0.0895794254815434
42.5 -0.0945521946143107
42.5625 -0.0991489274991431
42.625 -0.103352018885494
42.6875 -0.107146017201313
42.75 -0.110519379749738
42.8125 -0.113451247376757
42.875 -0.115939151256841
42.9375 -0.117971248573918
43 -0.119540431210567
43.0625 -0.120640919974592
43.125 -0.121269395722807
43.1875 -0.12142401162595
43.25 -0.121104829544908
43.3125 -0.120313799862546
43.375 -0.11905467793996
43.4375 -0.117333043551281
43.5 -0.1151562768015
43.5625 -0.112533497275853
43.625 -0.109475590594213
43.6875 -0.10599509475399
43.75 -0.102106193346527
43.8125 -0.097824610589802
43.875 -0.0931675730568209
43.9375 -0.0881538103868482
44 -0.0828033622387215
44.0625 -0.0771375584313343
44.125 -0.0711789834632481
44.1875 -0.0649510037044842
44.25 -0.0584787649978819
44.3125 -0.0517874948544503
44.375 -0.0449036969577419
44.4375 -0.0378544302569769
44.5 -0.030667426610511
44.5625 -0.0233708873174121
44.625 -0.0159934332362981
44.6875 -0.00856391922809228
44.75 -0.00111136778001944
44.8125 0.00633509718450401
44.875 0.0137464470568806
44.9375 0.021093894579792
45 0.0283488530918995
45.0625 0.0354831719001015
45.125 0.0424691933358501
45.1875 0.0492799126218822
45.25 0.0558890292202265
45.3125 0.0622710153951497
45.375 0.0684013243807131
45.4375 0.0742564004625575
45.5 0.0798137187873451
45.5625 0.0850522745236494
45.625 0.0899518127475725
45.6875 0.0944938893740482
45.75 0.0986610044415872
45.8125 0.102437701386529
45.875 0.105809696910661
45.9375 0.108764330907623
46 0.111290840832929
46.0625 0.113379772458287
46.125 0.115023627935554
46.1875 0.116216602566199
46.25 0.116954653059762
46.3125 0.117235560146637
46.375 0.117058783225982
46.4375 0.116425650972468
46.5 0.115339252058269
46.5625 0.113804478716954
46.625 0.111827757688758
46.6875 0.109417513756561
46.75 0.106583765394466
46.8125 0.103338202126106
46.875 0.0996935430880164
46.9375 0.095665057894626
47 0.0912687712509523
47.0625 0.0865223234439295
47.125 0.0814446777817188
47.1875 0.0760560853761258
47.25 0.0703779604799533
47.3125 0.0644328206284699
47.375 0.058244193669305
47.4375 0.0518365375843506
47.5 0.0452351107809224
47.5625 0.0384660069378324
47.625 0.0315555863227803
47.6875 0.0245312179103221
47.75 0.0174203746731526
47.8125 0.0102507711852341
47.875 0.00305073432976338
47.9375 -0.00415190079276184
48 -0.0113289359377543
48.0625 -0.0184524777118832
48.125 -0.0254947446027283
48.1875 -0.0324283515779798
48.25 -0.0392266734640431
48.3125 -0.0458631184834681
48.375 -0.0523119717552903
48.4375 -0.0585485216530295
48.5 -0.0645486269782872
48.5625 -0.0702892159559256
48.625 -0.0757482297427923
48.6875 -0.0809048649994772
48.75 -0.0857391067392333
48.8125 -0.0902328415532239
48.875 -0.0943686734073299
48.9375 -0.09813049820201
49 -0.101506131757561
49.0625 -0.104480799894081
49.125 -0.107044086942955
49.1875 -0.109186604979909
49.25 -0.110900444168174
49.3125 -0.112179725204069
49.375 -0.113019335413841
49.4375 -0.113417376220549
49.5 -0.113372199277043
49.5625 -0.112884861623188
49.625 -0.111957982203346
49.6875 -0.110595429691943
49.75 -0.108803163713561
49.8125 -0.10658871709772
49.875 -0.103963021829568
49.9375 -0.100931511656434
