0 0
0.0625 0.000488122317454931
0.125 0.0019505830709346
0.1875 0.00438167067742948
0.25 0.00777188920006286
0.3125 0.0121079926692514
0.375 0.0173730342479914
0.4375 0.0235464283692683
0.5 0.0306040230959208
0.5625 0.0385181912448233
0.625 0.0472579444014573
0.6875 0.0567890099489859
0.75 0.0670739969067721
0.8125 0.0780725112094109
0.875 0.089741308502762
0.9375 0.102034453124068
1 0.114903476019354
1.0625 0.128297596783358
1.125 0.142164185615286
1.1875 0.156447223410819
1.25 0.171091130687676
1.3125 0.186037259700122
1.375 0.201226010198133
1.4375 0.216596702451288
1.5 0.232087671293658
1.5625 0.247636630627568
1.625 0.263180834222792
1.6875 0.278657314769345
1.75 0.29400312639018
1.8125 0.30915555769913
1.875 0.324052381998381
1.9375 0.338632080734471
2 0.352834059135239
2.0625 0.366599003198451
2.125 0.379868334872151
2.1875 0.392589065209185
2.25 0.404697703563021
2.3125 0.416149858563235
2.375 0.426892521368024
2.4375 0.436877666770378
2.5 0.446059103784275
2.5625 0.454394497301384
2.625 0.461843815910932
2.6875 0.468370050418253
2.75 0.473939465442331
2.8125 0.478521589605487
2.875 0.482089358121081
2.9375 0.4846192263587
3 0.486091258759357
3.0625 0.48648919214136
3.125 0.485800498491413
3.1875 0.484016467507308
3.25 0.481132149473651
3.3125 0.477146540638441
3.375 0.472062431108589
3.4375 0.465886478367317
3.5 0.458629182524421
3.5625 0.450304838536594
3.625 0.440931490732106
3.6875 0.430530883108147
3.75 0.419128374330183
3.8125 0.406752870014622
3.875 0.393436694495538
3.9375 0.379215501431585
4 0.364128147793024
4.0625 0.348216546858605
4.125 0.331525588115651
4.1875 0.314102712493212
4.25 0.295998270451189
4.3125 0.277264822137434
4.375 0.257957223941595
4.4375 0.238132364822319
4.5 0.217849064181517
4.5625 0.197167468621476
4.625 0.176149616450841
4.6875 0.154858444563886
4.75 0.133357966214696
4.8125 0.111712953916332
4.875 0.0899887026411298
4.9375 0.0682508889751345
5 0.046565148053218
5.0625 0.0249970277249016
5.125 0.00361174424524732
5.1875 -0.0175261422567116
5.25 -0.038352900622673
5.3125 -0.0588058649299008
5.375 -0.0788236220177778
5.4375 -0.0983462268380851
5.5 -0.117315475537303
5.5625 -0.135675041820655
5.625 -0.153370668709868
5.6875 -0.170350400294197
5.75 -0.186564724953491
5.8125 -0.201966783267567
5.875 -0.216512470984031
5.9375 -0.230160694248448
6 -0.242873216414284
6.0625 -0.254615361335574
6.125 -0.265355445296957
6.1875 -0.275065444252328
6.25 -0.283720795253799
6.3125 -0.291300259319211
6.375 -0.297786904430393
6.4375 -0.303166920731192
6.5 -0.307430394078306
6.5625 -0.310571415387494
6.625 -0.312587699451432
6.6875 -0.313480811527567
6.75 -0.313256133865213
6.8125 -0.311922757675215
6.875 -0.309493537535114
6.9375 -0.305984986167717
7 -0.30141722209614
7.0625 -0.29581398740992
7.125 -0.289202141624082
7.1875 -0.281612190684629
7.25 -0.273077836691889
7.3125 -0.263635737122237
7.375 -0.253325569437543
7.4375 -0.24218974360087
7.5 -0.23027339180771
7.5625 -0.217624162127686
7.625 -0.204291879170419
7.6875 -0.190328597599409
7.75 -0.175788243325596
7.8125 -0.160726515068061
7.875 -0.145200629277704
7.9375 -0.129269144705703
8 -0.112991730147179
8.0625 -0.0964289286882433
8.125 -0.0796423288705608
8.1875 -0.0626927189551278
8.25 -0.0456429850895153
8.3125 -0.0285548186379131
8.375 -0.0114899653246812
8.4375 0.0054901281953053
8.5 0.0223247384630029
8.5625 0.0389539369255152
8.625 0.0553192625215106
8.6875 0.0713620656536387
8.75 0.0870272297543089
8.8125 0.102259945453189
8.875 0.117007561553352
8.9375 0.131219514402204
9 0.144847338307126
9.0625 0.157845042111659
9.125 0.170168980858703
9.1875 0.181778399509231
9.25 0.192635171823812
9.3125 0.202704155994791
9.375 0.211953255473019
9.4375 0.220353608782742
9.5 0.227879150150331
9.5625 0.234507819573525
9.625 0.240220439864048
9.6875 0.24500142186305
9.75 0.248838632974022
9.8125 0.251723468806677
9.875 0.253650820532555
9.9375 0.254619124000469
10 0.254630283279397
10.0625 0.253689829582667
10.125 0.251806615179584
10.1875 0.248992940374136
10.25 0.245264484345634
10.3125 0.240640174032653
10.375 0.235142185962444
10.4375 0.228802125120006
10.5 0.221629145366551
10.5625 0.213673476172948
10.625 0.204962625303135
10.6875 0.195533081205726
10.75 0.185423907923112
10.8125 0.174676289669717
10.875 0.163333772775673
10.9375 0.151441749500702
11 0.139047530065121
11.0625 0.126199989275373
11.125 0.112949436199536
11.1875 0.0993475399713782
11.25 0.0854468777508517
11.3125 0.0713010162246199
11.375 0.05696410914235
11.4375 0.0424908018467912
11.5 0.0279358731873466
11.5625 0.0133544767133879
11.625 -0.00119886286097045
11.6875 -0.0156696097834655
11.75 -0.0300039379580005
11.8125 -0.0441487476095507
11.875 -0.0580518753338242
11.9375 -0.0716623721086845
12 -0.0849304950622152
12.0625 -0.0978080815020325
12.125 -0.110248701767285
12.1875 -0.122207488266858
12.25 -0.133641988291105
12.3125 -0.144511602356975
12.375 -0.154778188392369
12.4375 -0.164405891216448
12.5 -0.173361470950725
12.5625 -0.181613476238901
12.625 -0.189136836533006
12.6875 -0.195903809501673
12.75 -0.201893463837394
12.8125 -0.207086619404218
12.875 -0.211467534255213
12.9375 -0.215023285432607
13 -0.217744274088965
13.0625 -0.21962402124643
13.125 -0.220659275849857
13.1875 -0.220849940614735
13.25 -0.220199116407258
13.3125 -0.218713048210636
13.375 -0.216401024184474
13.4375 -0.213275649911086
13.5 -0.209352233703352
13.5625 -0.20464925131287
13.625 -0.19918782344099
13.6875 -0.192992132293806
13.75 -0.186088747909666
13.8125 -0.178507006521166
13.875 -0.170278588695175
13.9375 -0.161437483167914
14 -0.152019883994168
14.0625 -0.142064026520796
14.125 -0.131609963628118
14.1875 -0.120699521950361
14.25 -0.109376107051272
14.3125 -0.0976844618417332
14.375 -0.0856705630276623
14.4375 -0.0733814641422943
14.5 -0.0608649441157347
14.5625 -0.0481696559119907
14.625 -0.0353445319267904
14.6875 -0.0224389753125491
14.75 -0.00950238080482223
14.8125 0.00341581010017344
14.875 0.0162665728458835
14.9375 0.0290012062504899
15 0.041571647437297
15.0625 0.0539307583482389
15.125 0.0660322022976778
15.1875 0.0778309182891221
15.25 0.089283083882148
15.3125 0.100346554762876
15.375 0.110980517990013
15.4375 0.121146171417921
15.5 0.130806545088009
15.5625 0.139926769403851
15.625 0.148474128493214
15.6875 0.156418118966718
15.75 0.163730970278379
15.8125 0.170387004079558
15.875 0.176363318991929
15.9375 0.181639725192235
16 0.186198662378953
16.0625 0.190025600207519
16.125 0.193108481163105
16.1875 0.195438369648124
16.25 0.197009202016378
16.3125 0.197817789911265
16.375 0.197863877646342
16.4375 0.197150110214396
16.5 0.195682021397611
16.5625 0.193467956109758
16.625 0.19051919177912
16.6875 0.186849549809453
16.75 0.182476004737446
16.8125 0.17741753969765
16.875 0.171696132378811
16.9375 0.165336018153651
17 0.158363846235764
17.0625 0.150808543753149
17.125 0.142701115186703
17.1875 0.134074581798764
17.25 0.124963725413568
17.3125 0.1154054624521
17.375 0.105437733897617
17.4375 0.0951001866991079
17.5 0.0844338316527244
17.5625 0.0734806781043347
17.625 0.0622837139877302
17.6875 0.0508867713593228
17.75 0.0393341109458884
17.8125 0.0276707284585131
17.875 0.0159416858259925
17.9375 0.00419207573709724
18 -0.00753251851106476
18.0625 -0.0191876063054531
18.125 -0.0307285014110524
18.1875 -0.0421114543082829
18.25 -0.0532931169241248
18.3125 -0.0642312437649675
18.375 -0.0748847996205708
18.4375 -0.0852136509873424
18.5 -0.0951792650249816
18.5625 -0.104744559803816
18.625 -0.113874100168042
18.6875 -0.122534235667321
18.75 -0.130693266655669
18.8125 -0.138321382992128
18.875 -0.14539108057942
18.9375 -0.151876926861107
19 -0.157755906238675
19.0625 -0.163007372719496
19.125 -0.167613182408178
19.1875 -0.171557596410763
19.25 -0.174827630548797
19.3125 -0.177413360470083
19.375 -0.179305415678488
19.4375 -0.180500294908915
19.5 -0.180995082307293
19.5625 -0.180790021010959
19.625 -0.179888126901918
19.6875 -0.178295081742629
19.75 -0.176019090283786
19.8125 -0.173071060744016
19.875 -0.169464410210698
19.9375 -0.165215072407275
20 -0.160341382470863
20.0625 -0.154863934325709
20.125 -0.148805759383391
20.1875 -0.142191914511513
20.25 -0.13504954050803
20.3125 -0.127407775485524
20.375 -0.11929753216437
20.4375 -0.11075147333298
20.5 -0.101803820018537
20.5625 -0.0924902473758933
20.625 -0.0828477243619184
20.6875 -0.072914386112582
20.75 -0.0627293568227349
20.8125 -0.0523326693502292
20.875 -0.0417649670883049
20.9375 -0.0310675746615054
21 -0.0202818997001684
21.0625 -0.00944999051591379
21.125 0.00138634875441314
21.1875 0.0121853173678813
21.25 0.0229053723383162
21.3125 0.0335054406320867
21.375 0.0439451665975897
21.4375 0.0541841583518886
21.5 0.0641840944774108
21.5625 0.0739068946399256
21.625 0.0833158493144837
21.6875 0.092375549671472
21.75 0.101052018299997
21.8125 0.109312907228552
21.875 0.117127491642189
21.9375 0.124466880159508
22 0.131304005834007
22.0625 0.137614017079635
22.125 0.143373932140744
22.1875 0.148558589789291
22.25 0.153163021263614
22.3125 0.157157659241282
22.375 0.160533143457022
22.4375 0.163278243287099
22.5 0.165384055650783
22.5625 0.166844190153497
22.625 0.167654768701575
22.6875 0.16781444325836
22.75 0.167324372639815
22.8125 0.166188146425947
22.875 0.164411942645391
22.9375 0.162004365165758
23 0.158976311371719
23.0625 0.155341255719338
23.125 0.15111478639079
23.1875 0.146314848239504
23.25 0.140961483252737
23.3125 0.135076892338162
23.375 0.128685054276773
23.4375 0.12181222791987
23.5 0.114486005186151
23.5625 0.106736064174787
23.625 0.0985934071748069
23.6875 0.0900840031210736
23.75 0.081261201954324
23.8125 0.0721406727721928
23.875 0.0627641728539679
23.9375 0.0531694249498677
24 0.0433937710003918
24.0625 0.0334754881959655
24.125 0.0234532797187433
24.1875 0.0133661642786432
24.25 0.00325331162688409
24.3125 -0.00684610712543901
24.375 -0.0168930856941352
24.4375 -0.0268452894703992
24.5 -0.0366752621065428
24.5625 -0.0463345101852848
24.625 -0.0557897080249053
24.6875 -0.0650046600376678
24.75 -0.0739447339269077
24.8125 -0.0825755806787461
24.875 -0.0908647789269898
24.9375 -0.0987810861518098
25 -0.106294805465249
25.0625 -0.113377872460398
25.125 -0.120003907644372
25.1875 -0.126148416900861
25.25 -0.131788759317046
25.3125 -0.136904420212332
25.375 -0.141476869797934
25.4375 -0.145489716170666
25.5 -0.148928706487022
25.5625 -0.151782039202766
25.625 -0.15404007226816
25.6875 -0.155695450338014
25.75 -0.15674324877004
25.8125 -0.157180902040613
25.875 -0.15700806647675
25.9375 -0.156226886353057
26 -0.154841946557056
26.0625 -0.152859971605631
26.125 -0.150290040657185
26.1875 -0.147143501692863
26.25 -0.143433932942378
26.3125 -0.139176970266899
26.375 -0.134390218262571
26.4375 -0.129094011575747
26.5 -0.123309493873442
26.5625 -0.117060375723007
26.625 -0.110371964325818
26.6875 -0.103271165709002
26.75 -0.0957864390756902
26.8125 -0.0879476548194943
26.875 -0.0797860903905704
26.9375 -0.0713338205487528
27 -0.0626245375581906
27.0625 -0.0536924594300163
27.125 -0.044572700604114
27.1875 -0.0353010032700873
27.25 -0.0259136975185293
27.3125 -0.0164473617496073
27.375 -0.0069387936813994
27.4375 0.00257496406330762
27.5 0.0120570923915127
27.5625 0.0214709115522299
27.625 0.0307801020147978
27.6875 0.039948831515912
27.75 0.0489418944958417
27.8125 0.0577247398085689
27.875 0.0662639526421395
27.9375 0.0745268867293069
28 0.0824821284011187
28.0625 0.0900995310421829
28.125 0.0973503299663212
28.1875 0.104207266172941
28.25 0.110644534855696
28.3125 0.116638234863645
28.375 0.122165860847695
28.4375 0.12720727422773
28.5 0.131743861607146
28.5625 0.135758363393932
28.625 0.139238720251666
28.6875 0.142170156767485
28.75 0.144543377364769
28.8125 0.146350344387025
28.875 0.147585286804941
28.9375 0.148244576659158
29 0.148327007269111
29.0625 0.14783335552383
29.125 0.146766885775234
29.1875 0.14513284411635
29.25 0.142938842968795
29.3125 0.140194550801591
29.375 0.136911774806177
29.4375 0.133104382448809
29.5 0.12878826158439
29.5625 0.123981238860647
29.625 0.11870281385806
29.6875 0.112974734683752
29.75 0.106819825417872
29.8125 0.100263140080804
29.875 0.0933308119462187
29.9375 0.0860505268388967
30 0.0784542751399254
30.0625 0.0705631103603573
30.125 0.0624169865159778
30.1875 0.0540459918875956
30.25 0.0454820775141402
30.3125 0.0367591827140124
30.375 0.0279114932857105
30.4375 0.0189735748327191
30.5 0.00998029680961888
30.5625 0.000971425953939219
30.625 -0.0080323394986652
30.6875 -0.0169817207084796
30.75 -0.025846999823581
30.8125 -0.0345938467698215
30.875 -0.0431885981147951
30.9375 -0.0515981873308534
31 -0.0597903518190478
31.0625 -0.0677337554639715
31.125 -0.075398052206864
31.1875 -0.0827540508028803
31.25 -0.0897735758763741
31.3125 -0.0964307818059859
31.375 -0.102701227522404
31.4375 -0.108556931593637
31.5 -0.113981514655855
31.5625 -0.118952036074963
31.625 -0.123450564238566
31.6875 -0.127460494935923
31.75 -0.130967286378004
31.8125 -0.133958305556822
31.875 -0.13642289210825
31.9375 -0.138352535175818
32 -0.139740817367916
32.0625 -0.14058335539859
32.125 -0.140877956773868
32.1875 -0.140624608837022
32.25 -0.139825076600859
32.3125 -0.138483797647344
32.375 -0.136606979651313
32.4375 -0.134202772669936
32.5 -0.131281684302447
32.5625 -0.127856652652429
32.625 -0.123939949516968
32.6875 -0.119549654943746
32.75 -0.114703262163921
32.8125 -0.109420055198003
32.875 -0.103721765907155
32.9375 -0.0976311091412732
33 -0.0911725122197939
33.0625 -0.0843717580447042
33.125 -0.077255889486633
33.1875 -0.0698531481898735
33.25 -0.0621927866004559
33.3125 -0.0543052140984995
33.375 -0.0462210274746937
33.4375 -0.037972446143556
33.5 -0.0295916461427514
33.5625 -0.021111452122883
33.625 -0.0125649326003613
33.6875 -0.00398544562388585
33.75 0.00459359289387936
33.8125 0.013138962250417
33.875 0.0216174485548725
33.9375 0.0299962971981864
34 0.0382464548200377
34.0625 0.0463259553056543
34.125 0.0542139603104684
34.1875 0.061876761953146
34.25 0.0692849762105005
34.3125 0.0764102936093907
34.375 0.0832255397757273
34.4375 0.0897048163382063
34.5 0.0958236064501395
34.5625 0.101558667734369
34.625 0.106888430684489
34.6875 0.11179295735516
34.75 0.116253977750569
34.8125 0.12025493303086
34.875 0.123781072429901
34.9375 0.126819560488254
35 0.129359423276345
35.0625 0.1313917673008
35.125 0.132909479703544
35.1875 0.133907695726397
35.25 0.134383319359233
35.3125 0.134335503759332
35.375 0.133765348304311
35.4375 0.132675974067704
35.5 0.131072513495803
35.5625 0.12896213845844
35.625 0.126353891435463
35.6875 0.123258788429849
35.75 0.119689721631862
35.8125 0.115661363809016
35.875 0.111190159775089
35.9375 0.106294426480505
36 0.100993542627351
36.0625 0.0953090826232192
36.125 0.0892637909386126
36.1875 0.082881721736606
36.25 0.07618832159021
36.3125 0.0692100709474195
36.375 0.0619747437893982
36.4375 0.0545105087614055
36.5 0.0468471612824562
36.5625 0.0390146897080103
36.625 0.0310438222979492
36.6875 0.0229657951427863
36.75 0.0148121670917704
36.8125 0.00661478391132089
36.875 -0.00159443580290228
36.9375 -0.00978354391199036
37 -0.017920511584851
37.0625 -0.025974502445117
37.125 -0.0339136372093516
37.1875 -0.0417074800303242
37.25 -0.0493259743780498
37.3125 -0.0567397901348553
37.375 -0.0639204655406344
37.4375 -0.0708404535856056
37.5 -0.0774732756804481
37.5625 -0.0837936480505928
37.625 -0.0897774828652465
37.6875 -0.0954021746066411
37.75 -0.10064621655669
37.8125 -0.105555420630461
37.875 -0.109916377129998
37.9375 -0.113905933617159
38 -0.117446523964672
38.0625 -0.12052438537782
38.125 -0.123128231721666
38.1875 -0.125248717852709
38.25 -0.126878385300011
38.3125 -0.128011693448686
38.375 -0.128645027612041
38.4375 -0.128776835198371
38.5 -0.12840725108186
38.5625 -0.127538507614348
38.625 -0.126174923705207
38.6875 -0.124322625959929
38.75 -0.121989486898439
38.8125 -0.119185395964078
38.875 -0.115922015850348
38.9375 -0.11221276664901
39 -0.108072775259765
39.0625 -0.103519001109096
39.125 -0.0985693282850704
39.1875 -0.0932441180518497
39.25 -0.0875638753277453
39.3125 -0.0815531652290528
39.375 -0.0752339836328086
39.4375 -0.0686379151859911
39.5 -0.0617734226854515
39.5625 -0.0546852972459977
39.625 -0.0473954152924887
39.6875 -0.0399326199950823
39.75 -0.032326149890138
39.8125 -0.0246058202461658
39.875 -0.0168018442931758
39.9375 -0.00894466666575395
40 -0.00106497749589409
40.0625 0.00680658481164655
40.125 0.0146393246313749
40.1875 0.0224029072757086
40.25 0.0300672591103282
40.3125 0.0376026729450174
40.375 0.0449796963926588
40.4375 0.0521709332875742
40.5 0.0591476274362345
40.5625 0.0658833917199411
40.625 0.0723522654605329
40.6875 0.0785295857910387
40.75 0.0843917393716613
40.8125 0.089916416115237
40.875 0.0950826265586233
40.9375 0.0998708098794513
41 0.104262986363793
41.0625 0.108241950118846
41.125 0.111794794613848
41.1875 0.11490619772591
41.25 0.117565700176999
41.3125 0.119763565437806
41.375 0.121491859872316
41.4375 0.122744584301603
41.5 0.123517591473748
41.5625 0.123808575567472
41.625 0.123617161636039
41.6875 0.122944869050718
41.75 0.121794696985657
41.8125 0.120172237364435
41.875 0.118084345178347
41.9375 0.115539840235376
42 0.112549307459845
42.0625 0.109125026799303
42.125 0.105281027688492
42.1875 0.101032749326375
42.25 0.0963975101383918
42.3125 0.0913937691100399
42.375 0.086041579822577
42.4375 0.0803622902043552
42.5 0.0743784401383991
42.5625 0.0681138422198245
42.625 0.0615932119345444
42.6875 0.0548494520876953
42.75 0.047887790876852
42.8125 0.0407569456035085
42.875 0.0334778073191119
42.9375 0.0260792142243653
43 0.0185895575556929
43.0625 0.0110381138127949
43.125 0.00345493446852334
43.1875 -0.00413072736250707
43.25 -0.0116893446930099
43.3125 -0.0191915132408195
43.375 -0.0266081460006879
43.4375 -0.0339104706047826
43.5 -0.0410702617052369
43.5625 -0.0480598999523023
43.625 -0.0548522985011189
43.6875 -0.0614209310699531
43.75 -0.0677419494296329
43.8125 -0.0737896767645768
43.875 -0.0795414841758127
43.9375 -0.0849752840311397
44 -0.0900288607977088
44.0625 -0.0948077233121123
44.125 -0.0991690771173323
44.1875 -0.103138002122395
44.25 -0.106699774868867
44.3125 -0.109840861053862
44.375 -0.112549849086816
44.4375 -0.114816719355187
44.5 -0.116633266487835
44.5625 -0.11799304678815
44.625 -0.118894835038693
44.6875 -0.119325504644515
44.75 -0.119294309670872
44.8125 -0.118798678161987
44.875 -0.11784082684437
44.9375 -0.116425639497646
45 -0.114558723917649
45.0625 -0.112248379467509
45.125 -0.109504077460488
45.1875 -0.106337098777059
45.25 -0.102760342545908
45.3125 -0.0987883160445082
45.375 -0.0944370082254599
45.4375 -0.089723890388389
45.5 -0.08466779457931
45.5625 -0.0792888806982289
45.625 -0.0736085346195023
45.6875 -0.0676492616627391
45.75 -0.0614346666768519
45.8125 -0.0549892675286372
45.875 -0.0483384341376236
45.9375 -0.0415084675963365
46 -0.0345260764694943
46.0625 -0.0274186808406211
46.125 -0.0202141398920102
46.1875 -0.0129406078427097
46.25 -0.00562833349142427
46.3125 0.00170070330282382
46.375 0.00900929971488778
46.4375 0.0162739529057487
46.5 0.0234654914879067
46.5625 0.0305559690015187
46.625 0.037517909077454
46.6875 0.044324390657736
46.75 0.0509491115984033
46.8125 0.0573665182945607
46.875 0.0635519098572095
46.9375 0.0694815129813509
47 0.0751325677078248
47.0625 0.0804834531312648
47.125 0.0855137260850881
47.1875 0.0902042153148973
47.25 0.0945371231874222
47.3125 0.0984960380295699
47.375 0.102066047300761
47.4375 0.105233748522836
47.5 0.107987399542672
47.5625 0.110316666925206
47.625 0.112213170131794
47.6875 0.113670173557919
47.75 0.114682261500537
47.8125 0.115246345658301
47.875 0.115360773327684
47.9375 0.115025645534608
48 0.114242845628356
48.0625 0.113015981147524
48.125 0.111350493027512
48.1875 0.109253511363274
48.25 0.106733275695391
48.3125 0.103800717421074
48.375 0.100467525444806
48.4375 0.0967473060655884
48.5 0.0926548696386257
48.5625 0.0882067774214059
48.625 0.0834207703401516
48.6875 0.0783159191537273
48.75 0.0729124970661138
48.8125 0.0672319435710259
48.875 0.0612967255249463
48.9375 0.0551302859952747
49 0.0487570242584432
49.0625 0.042201637100836
49.125 0.0354904772967924
49.1875 0.0286494860504512
49.25 0.0217055388505216
49.3125 0.014685850229235
49.375 0.0076178290686733
49.4375 0.000528991140287051
49.5 -0.0065527923065416
49.5625 -0.013600191216055
49.625 -0.0205857158898611
49.6875 -0.0274822454422292
49.75 -0.0342630249388856
49.8125 -0.0409018009958089
49.875 -0.0473728693065863
49.9375 -0.0536512907109998
