0 1.31119470745685E-16
0.0625 5.08501331462907E-06
0.125 4.06527155279723E-05
0.1875 0.000136960269409625
0.25 0.000324251148495172
0.3125 0.00063191194009074
0.375 0.00108901079038599
0.4375 0.00172381761161504
0.5 0.0025637253223534
0.5625 0.0036351381663228
0.625 0.00496329301518678
0.6875 0.00657219207873741
0.75 0.00848438336600663
0.8125 0.010720993074799
0.875 0.0133015033135524
0.9375 0.0162436421638616
1 0.0195633788101719
1.0625 0.0232746612392515
1.125 0.0273896409854855
1.1875 0.0319182472366344
1.25 0.0368683590674216
1.3125 0.0422456580948917
1.375 0.0480536062048511
1.4375 0.054293402575878
1.5 0.0609639499489255
1.5625 0.068063337007845
1.625 0.0755813921897285
1.6875 0.0835145159697465
1.75 0.0918509426693286
1.8125 0.100577993407201
1.875 0.109680817087507
1.9375 0.119142317060317
2 0.128943248353126
2.0625 0.139062248815945
2.125 0.149475926513278
2.1875 0.160158918851995
2.25 0.171084000891774
2.3125 0.18222215750442
2.375 0.193542696523053
2.4375 0.205013345313381
2.5 0.216600390128576
2.5625 0.228268775046437
2.625 0.239982242544135
2.6875 0.251703415918898
2.75 0.263394193729779
2.8125 0.275015383045914
2.875 0.286527361193579
2.9375 0.29788998788999
3 0.309062660551271
3.0625 0.320005556338426
3.125 0.330676037002671
3.1875 0.341035584309928
3.25 0.351042962137383
3.3125 0.360658864928015
3.375 0.369844339585503
3.4375 0.378560268154651
3.5 0.386770093126352
3.5625 0.394437355357751
3.625 0.401527053943861
3.6875 0.408005582173035
3.75 0.413840933927791
3.8125 0.419002715956337
3.875 0.423462446481352
3.9375 0.427193561704381
4 0.430171475995673
4.0625 0.432373911658074
4.125 0.433780813644282
4.1875 0.434374505716368
4.25 0.434139798895254
4.3125 0.433064064988774
4.375 0.431137264352616
4.4375 0.428352135235717
4.5 0.424703974320226
4.5625 0.420191090770678
4.625 0.414814458026051
4.6875 0.408577948968921
4.75 0.401488297011969
4.8125 0.393554916161248
4.875 0.384790365545701
4.9375 0.375209788490346
5 0.364831237829974
5.0625 0.353675467491061
5.125 0.341766026471108
5.1875 0.329128811845483
5.25 0.31579272746384
5.3125 0.301791724489731
5.375 0.287150836323922
5.4375 0.271914482046807
5.5 0.256117879365907
5.5625 0.239801181656859
5.625 0.223006479440623
5.6875 0.205777661330721
5.75 0.188160364449701
5.8125 0.170201694974674
5.875 0.15195014354696
5.9375 0.133455595701399
6 0.114768386078463
6.0625 0.0959406339821345
6.125 0.0770245575390467
6.1875 0.0580731266959299
6.25 0.0391396094385939
6.3125 0.0202775040898614
6.375 0.00154025663224126
6.4375 -0.0170187507815368
6.5 -0.0353466303786049
6.5625 -0.0533909595337157
6.625 -0.0711000543678717
6.6875 -0.0884231301323346
6.75 -0.10531047772813
6.8125 -0.121713625487398
6.875 -0.137585559565599
6.9375 -0.152880785054974
7 -0.167555588034152
7.0625 -0.181568120550619
7.125 -0.194878628819292
7.1875 -0.207449468163705
7.25 -0.219245261024193
7.3125 -0.230233387770193
7.375 -0.240383361604061
7.4375 -0.249667437301492
7.5 -0.258060917580595
7.5625 -0.265541705926879
7.625 -0.272090997120147
7.6875 -0.277691800684618
7.75 -0.282332010590124
7.8125 -0.286001340482931
7.875 -0.288693023121879
7.9375 -0.29040351305778
8 -0.291132210557042
8.0625 -0.290882056566658
8.125 -0.289658941783741
8.1875 -0.287471997294137
8.25 -0.284333486079648
8.3125 -0.280259865775091
8.375 -0.275266213682867
8.4375 -0.269377265353605
8.5 -0.262616210590215
8.5625 -0.255010174696389
8.625 -0.246589034267193
8.6875 -0.237385304476743
8.75 -0.227434013671267
8.8125 -0.216772603825716
8.875 -0.205440889841853
8.9375 -0.193480616844414
9 -0.180935190413486
9.0625 -0.167850990019203
9.125 -0.154275061834444
9.1875 -0.140256310056892
9.25 -0.125844772991107
9.3125 -0.111092404320637
9.375 -0.0960510456921607
9.4375 -0.0807740587365507
9.5 -0.0653153137710032
9.5625 -0.0497290827226227
9.625 -0.0340698793861026
9.6875 -0.0183923309838816
9.75 -0.00275087164407303
9.8125 0.0128003797995083
9.875 0.0282076065653809
9.9375 0.043417996147273
10 0.0583793566207311
10.0625 0.0730407258929364
10.125 0.0873522056714525
10.1875 0.101265394534802
10.25 0.114733420245016
10.3125 0.127711120256326
10.375 0.140155362435423
10.4375 0.152024671750436
10.5 0.163280154341982
10.5625 0.173885028379574
10.625 0.183805030430944
10.6875 0.193007917975972
10.75 0.201465043579573
10.8125 0.209149747891552
10.875 0.216038445908953
10.9375 0.222110456629098
11 0.227348038319106
11.0625 0.231736439701679
11.125 0.235264193136385
11.1875 0.2379226036107
11.25 0.239706291696749
11.3125 0.240613009160344
11.375 0.24064360653601
11.4375 0.239802064080455
11.5 0.2380954739101
11.5625 0.235533968841951
11.625 0.232130727008827
11.6875 0.227901883536974
11.75 0.222866457991151
11.8125 0.217046631593874
11.875 0.210466173153461
11.9375 0.203153104608175
12 0.195136948505592
12.0625 0.186449904034949
12.125 0.177126443698985
12.1875 0.167203237422587
12.25 0.156718998562529
12.3125 0.145714292582576
12.375 0.134231419675833
12.4375 0.12231427432927
12.5 0.110008143709461
12.5625 0.0973595470054552
12.625 0.0844161116474162
12.6875 0.0712263349334904
12.75 0.0578394316101032
12.8125 0.0443051496675161
12.875 0.0306736025945676
12.9375 0.0169950909235305
13 0.00331981892560776
13.0625 -0.0103020853507748
13.125 -0.0238209472741075
13.1875 -0.0371875984338202
13.25 -0.0503537240224679
13.3125 -0.0632717476296499
13.375 -0.0758952539610521
13.4375 -0.0881791792371794
13.5 -0.100079584054691
13.5625 -0.111554392535211
13.625 -0.122563084678831
13.6875 -0.133067020190472
13.75 -0.143029553689802
13.8125 -0.152416173364138
13.875 -0.161194546015897
13.9375 -0.169334800121045
14 -0.176809369530043
14.0625 -0.183593447329853
14.125 -0.189664593517359
14.1875 -0.195003278405553
14.25 -0.199592628896519
14.3125 -0.203418651900801
14.375 -0.206470314783104
14.4375 -0.208738913994403
14.5 -0.21021980458215
14.5625 -0.210910110026305
14.625 -0.210810498596144
14.6875 -0.209924412492872
14.75 -0.208258209903634
14.8125 -0.205821055260061
14.875 -0.202625045733263
14.9375 -0.198684847815607
15 -0.194018259299157
15.0625 -0.188645746217635
15.125 -0.182588335693613
15.1875 -0.175868102196049
15.25 -0.168526504414383
15.3125 -0.160578734788278
15.375 -0.152061604774945
15.4375 -0.143008975486947
15.5 -0.133456649389214
15.5625 -0.123442152811623
15.625 -0.113004636416423
15.6875 -0.102184526581869
15.75 -0.0910237848725326
15.8125 -0.0795654176727771
15.875 -0.0678533016138866
15.9375 -0.0559321985784187
16 -0.0438474946089756
16.0625 -0.0316450233975304
16.125 -0.0193709427045575
16.1875 -0.00707138973942478
16.25 0.00520733635184538
16.3125 0.0174193150794955
16.375 0.0295190109668557
16.4375 0.0414614136393642
16.5 0.0532022713924414
16.5625 0.0646982332327202
16.625 0.0759069952457616
16.6875 0.0867875442665071
16.75 0.097299917117117
16.8125 0.107406129164201
16.875 0.117069533311945
16.9375 0.126255323450014
17 0.13493058348143
17.0625 0.143064463429141
17.125 0.150627941882738
17.1875 0.157595190432332
17.25 0.163941387088165
17.3125 0.169644792738989
17.375 0.174686411373682
17.4375 0.179049215286392
17.5 0.182719131041905
17.5625 0.185684671047419
17.625 0.18793692826362
17.6875 0.189469788301249
17.75 0.190280071427713
17.8125 0.190366859274517
17.875 0.189732318501007
17.9375 0.188381230921549
18 0.186321008459164
18.0625 0.183561767069376
18.125 0.180116236643065
18.1875 0.175999654368426
18.25 0.171229761963482
18.3125 0.165826407203054
18.375 0.159813176438999
18.4375 0.153213216911805
18.5 0.146054364005373
18.5625 0.138365196245648
18.625 0.130176580668404
18.6875 0.121521080598961
18.75 0.112432936662045
18.8125 0.102947936615494
18.875 0.0931032542047243
18.9375 0.0829373247466643
19 0.0724896617208484
19.0625 0.0618007537332461
19.125 0.0509121341054837
19.1875 0.0398648877017045
19.25 0.028702233928167
19.3125 0.017466567617948
19.375 0.00620076491595424
19.4375 -0.00505236410402619
19.5 -0.0162501204619386
19.5625 -0.0273501944006994
19.625 -0.0383107296556926
19.6875 -0.0490905509920467
19.75 -0.0596492526557298
19.8125 -0.069947385907761
19.875 -0.0799466273075461
19.9375 -0.0896098675544839
20 -0.0989013914204685
20.0625 -0.107787001239359
20.125 -0.116234000428426
20.1875 -0.124211919880716
20.25 -0.131691421945761
20.3125 -0.138645708379386
20.375 -0.14504986640036
20.4375 -0.150880726210297
20.5 -0.156120067370245
20.5625 -0.160745021439362
20.625 -0.16474375576565
20.6875 -0.168101611356116
20.75 -0.170807640845549
20.8125 -0.172853484501434
20.875 -0.174233221784953
20.9375 -0.174943470788573
21 -0.174983490365199
21.0625 -0.174355024616145
21.125 -0.173062376476174
21.1875 -0.171112172219683
21.25 -0.168514162132682
21.3125 -0.165279659825929
21.375 -0.161423228601286
21.4375 -0.156960429832146
21.5 -0.151910857747923
21.5625 -0.146295128487565
21.625 -0.140136275729705
21.6875 -0.133458800441195
21.75 -0.126290936656983
21.8125 -0.118660126831357
21.875 -0.110597210237732
21.9375 -0.102134200230241
22 -0.0933043321873525
22.0625 -0.0841425091199556
22.125 -0.0746845990062439
22.1875 -0.064967396325785
22.25 -0.0550288697443495
22.3125 -0.0449075349029389
22.375 -0.0346425548608067
22.4375 -0.0242735507862743
22.5 -0.0138404242525772
22.5625 -0.00338323415327815
22.625 0.00705798674530134
22.6875 0.0174433923590575
22.75 0.0277333752287532
22.8125 0.0378888429131079
22.875 0.0478712333007161
22.9375 0.0576431343050361
23 0.0671673696733263
23.0625 0.0764083007076128
23.125 0.0853313017320227
23.1875 0.0939029199408625
23.25 0.102091609921226
23.3125 0.109866726303043
23.375 0.117199676182724
23.4375 0.124063510096039
23.5 0.130433122190449
23.5625 0.136285478897022
23.625 0.141599449646231
23.6875 0.146356101333963
23.75 0.150538564645854
23.8125 0.154132320272289
23.875 0.157125968145162
23.9375 0.159506988536559
24 0.161270372683405
24.0625 0.162410030244847
24.125 0.162923227732329
24.1875 0.162809474993996
24.25 0.162070853899736
24.3125 0.160711808739273
24.375 0.158740191630102
24.4375 0.156161367923871
24.5 0.152990616175712
24.5625 0.149240199866075
24.625 0.144925990721042
24.6875 0.140065817451155
24.75 0.13467976157436
24.8125 0.128789760336857
24.875 0.122419621014616
24.9375 0.115594966399225
25 0.108343078497996
25.0625 0.1006928422879
25.125 0.0926745448892816
25.1875 0.0843199206360359
25.25 0.0756617890739248
25.3125 0.0667341269348946
25.375 0.0575718637824439
25.4375 0.0482107339875266
25.5 0.0386871924445931
25.5625 0.0290381286527304
25.625 0.0193009304759338
25.6875 0.00951331847812481
25.75 -0.000287310447243339
25.8125 -0.0100629634766773
25.875 -0.019776295830381
25.9375 -0.0293900297393186
26 -0.0388675633555129
26.0625 -0.0481727502814373
26.125 -0.0572702807867421
26.1875 -0.0661256317764753
26.25 -0.0747051769214356
26.3125 -0.0829770749769608
26.375 -0.0909097467453586
26.4375 -0.0984736578948003
26.5 -0.10564052800599
26.5625 -0.112383826456604
26.625 -0.118678481752112
26.6875 -0.124501397066105
26.75 -0.12983116119143
26.8125 -0.134648478742829
26.875 -0.138935977016508
26.9375 -0.142678360169747
27 -0.145862461188463
27.0625 -0.148477250139663
27.125 -0.15051400851875
27.1875 -0.151966211616895
27.25 -0.152829553198482
27.3125 -0.153101917045673
27.375 -0.152783816116521
27.4375 -0.151877595904742
27.5 -0.150389807885383
27.5625 -0.148322432498638
27.625 -0.145689717336989
27.6875 -0.142501399421627
27.75 -0.138770985619431
27.8125 -0.134513885462211
27.875 -0.129747828190967
27.9375 -0.124492207039499
28 -0.118768308576099
28.0625 -0.112599334496705
28.125 -0.106009738969481
28.1875 -0.0990260258458301
28.25 -0.0916758905992585
28.3125 -0.0839884333132439
28.375 -0.0759939994058998
28.4375 -0.0677240383681779
28.5 -0.0592109961977712
28.5625 -0.0504881914212919
28.625 -0.0415898066687397
28.6875 -0.0325501632018238
28.75 -0.0234047139773117
28.8125 -0.0141888242577207
28.875 -0.00493815474505323
28.9375 0.00431157383030953
29 0.013521787588517
29.0625 0.0226657826800162
29.125 0.0316997739108856
29.1875 0.0405920498389758
29.25 0.0493086441417333
29.3125 0.0578163084722852
29.375 0.0660826670717612
29.4375 0.074076376466388
29.5 0.0817671824543568
29.5625 0.0891260474808896
29.625 0.096125277128625
29.6875 0.102738621963064
29.75 0.108941423168055
29.8125 0.114710485852164
29.875 0.120024554370966
29.9375 0.124863853776378
30 0.129211239426241
30.0625 0.133050375989415
30.125 0.136367694215239
30.1875 0.139151448452547
30.25 0.141391983211154
30.3125 0.143081766491667
30.375 0.144215402828884
30.4375 0.144789522123377
30.5 0.144803193011515
30.5625 0.144257417863076
30.625 0.143159163216006
30.6875 0.141502590237293
30.75 0.139306400135766
30.8125 0.136576394046612
30.875 0.133324252312629
30.9375 0.129563314950176
31 0.125309436899978
31.0625 0.120579824725098
31.125 0.11539371199396
31.1875 0.109772044617814
31.25 0.103737339159623
31.3125 0.0973137454797862
31.375 0.0905268116230384
31.4375 0.0834035719558753
31.5 0.0759718395292678
31.5625 0.0682612900100343
31.625 0.0603020874734684
31.6875 0.0521254470568371
31.75 0.0437634396888688
31.8125 0.035248654271591
31.875 0.0266142881886085
31.9375 0.01789393013511
32 0.00912142632042028
32.0625 0.000330771110985988
32.125 -0.00844403696436907
32.1875 -0.0171691433290772
32.25 -0.0258108871337429
32.3125 -0.0343361556247968
32.375 -0.0427121117218808
32.4375 -0.0509067198437291
32.5 -0.0588886376057714
32.5625 -0.0666274440729884
32.625 -0.0740937035946123
32.6875 -0.0812590368522041
32.75 -0.0880963500667633
32.8125 -0.0945798306093708
32.875 -0.100685169447575
32.9375 -0.106389183579601
33 -0.111670865694662
33.0625 -0.116510545018812
33.125 -0.120890190361171
33.1875 -0.124793906035969
33.25 -0.128207313620282
33.3125 -0.131118246249294
33.375 -0.13351634366601
33.4375 -0.135393247040859
33.5 -0.136742698628528
33.5625 -0.137560418838785
33.625 -0.13784425439471
33.6875 -0.137594118651283
33.75 -0.136811767241901
33.8125 -0.135501372539721
33.875 -0.133668955628966
33.9375 -0.131322476762266
34 -0.128472002915388
34.0625 -0.125129436114508
34.125 -0.121308624011484
34.1875 -0.117025138451564
34.25 -0.112296449720573
34.3125 -0.107141631229667
34.375 -0.101581326412572
34.4375 -0.0956379404209398
34.5 -0.0893349577900387
34.5625 -0.0826975131725737
34.625 -0.0757518441164144
34.6875 -0.0685253698738742
34.75 -0.0610465839690641
34.8125 -0.0533447940291588
34.875 -0.0454504726449271
34.9375 -0.0373938134966165
35 -0.0292034802278367
35.0625 -0.0209216807258203
35.125 -0.012570062929518
35.1875 -0.00418482917971499
35.25 0.00420215630089978
35.3125 0.0125577857950099
35.375 0.0208500393360629
35.4375 0.0290468414520397
35.5 0.037116465898111
35.5625 0.045028592031808
35.625 0.0527521507148253
35.6875 0.0602578224423046
35.75 0.0675169287119673
35.8125 0.0745017763339008
35.875 0.0811858117847276
35.9375 0.0875436777013974
36 0.0935513609819059
36.0625 0.0991860653359832
36.125 0.104426748005763
36.1875 0.109253779840966
36.25 0.113649083975689
36.3125 0.117596457342064
36.375 0.121081403595929
36.4375 0.1240911671046
36.5 0.126614797053467
36.5625 0.128643496811177
36.625 0.130170196676084
36.6875 0.131189811698133
36.75 0.13169926376015
36.8125 0.131697394325567
36.875 0.131185157099267
36.9375 0.130165300001916
37 0.128642749645341
37.0625 0.126623968174793
37.125 0.124117845411082
37.1875 0.121134966926527
37.25 0.117687309737733
37.3125 0.113789340811204
37.375 0.109456789303548
37.4375 0.104707137954491
37.5 0.0995595669506584
37.5625 0.0940345195798283
37.625 0.0881542583748846
37.6875 0.0819417113756442
37.75 0.0754219150139134
37.8125 0.0686204815589091
37.875 0.0615641996000484
37.9375 0.0542809067250821
38 0.046799083629557
38.0625 0.0391481410539196
38.125 0.0313579222914125
38.1875 0.0234588692074157
38.25 0.0154820063821814
38.3125 0.00745770305555763
38.375 -0.000582225375101133
38.4375 -0.00860687776969331
38.5 -0.0165850803388805
38.5625 -0.0244860006627357
38.625 -0.0322791794421064
38.6875 -0.0399345660458126
38.75 -0.0474227022235598
38.8125 -0.0547148884052421
38.875 -0.0617830577783458
38.9375 -0.068600282751282
39 -0.0751404900680834
39.0625 -0.0813787693344265
39.125 -0.0872914211206571
39.1875 -0.0928560278691373
39.25 -0.0980515924166442
39.3125 -0.102858601357657
39.375 -0.10725876806067
39.4375 -0.111236055208784
39.5 -0.11477548624047
39.5625 -0.11786403434279
39.625 -0.120490524446218
39.6875 -0.122645422055743
39.75 -0.124320490359609
39.8125 -0.125511667858287
39.875 -0.126213592160449
39.9375 -0.126424575219169
40 -0.126144816541616
40.0625 -0.125376036578285
40.125 -0.124121993871436
40.1875 -0.122388289292934
40.25 -0.120182358005725
40.3125 -0.117513673785814
40.375 -0.114392924249492
40.4375 -0.110833128911147
40.5 -0.106848798788942
40.5625 -0.102455959123147
40.625 -0.0976706016029552
40.6875 -0.0925169437476881
40.75 -0.0870104392697568
40.8125 -0.0811747991764827
40.875 -0.0750329898651281
40.9375 -0.0686093685931983
41 -0.0619292694947056
41.0625 -0.0550189932785205
41.125 -0.0479056955372177
41.1875 -0.0406172493668673
41.25 -0.0331822065612826
41.3125 -0.0256296359451413
41.375 -0.017989003607703
41.4375 -0.0102900895116645
41.5 -0.00256275980804266
41.5625 0.00516277644329854
41.625 0.0128567123753474
41.6875 0.0204891982549078
41.75 0.028030697059957
41.8125 0.0354521312549946
41.875 0.0427249010832757
41.9375 0.0498208415244997
42 0.0567111814841678
42.0625 0.0633744831788003
42.125 0.0697801491271386
42.1875 0.0759054399454702
42.25 0.0817269632852779
42.3125 0.0872226507318723
42.375 0.0923714425101072
42.4375 0.0971541354906929
42.5 0.101552442876323
42.5625 0.105550085304534
42.625 0.109132023037052
42.6875 0.112284974851124
42.75 0.114997331143856
42.8125 0.117259209228808
42.875 0.119062535679141
42.9375 0.120400744320866
43 0.121269572381111
43.0625 0.121666309304016
43.125 0.121589855122465
43.1875 0.121041417790292
43.25 0.120023741300006
43.3125 0.118541407465029
43.375 0.116600939406056
43.4375 0.114210459005513
43.5 0.111379695171562
43.5625 0.108120538433694
43.625 0.10444625239151
43.6875 0.100371397974466
43.75 0.0959126413823275
43.8125 0.0910877384226806
43.875 0.0859158497075434
43.9375 0.0804178040140965
44 0.0746151406615795
44.0625 0.0685308971445664
44.125 0.0621891118524122
44.1875 0.0556147275289753
44.25 0.0488335919104875
44.3125 0.0418724209488187
44.375 0.0347583602884415
44.4375 0.0275193114451848
44.5 0.020183531142276
44.5625 0.0127796464535654
44.625 0.00533650534217884
44.6875 -0.00211685041657205
44.75 -0.00955179085806108
44.8125 -0.01693913020107
44.875 -0.0242503624308652
44.9375 -0.0314572098686503
45 -0.0385318458953569
45.0625 -0.0454469641308975
45.125 -0.0521759315193007
45.1875 -0.0586928993783994
45.25 -0.0649728164201857
45.3125 -0.0709916234910983
45.375 -0.076726346818006
45.4375 -0.0821550681623587
45.5 -0.0872565522627941
45.5625 -0.0920131570750697
45.625 -0.096405095934293
45.6875 -0.100416641427046
45.75 -0.104032341817431
45.8125 -0.107238947861167
45.875 -0.11002449554844
45.9375 -0.112378658816965
46 -0.114293216482211
46.0625 -0.115760770573018
46.125 -0.116776617565864
46.1875 -0.117337307225983
46.25 -0.117441335800469
46.3125 -0.117088762377564
46.375 -0.116281706437718
46.4375 -0.115023859847815
46.5 -0.113320692882487
46.5625 -0.111178728435843
46.625 -0.108609228114737
46.6875 -0.105620006307555
46.75 -0.102224486380511
46.8125 -0.0984363084538309
46.875 -0.0942704972768355
46.9375 -0.089743820969928
47 -0.0848745044617155
47.0625 -0.0796817723656437
47.125 -0.0741862264688799
47.1875 -0.0684085730616846
47.25 -0.0623748135877679
47.3125 -0.0561058238969975
47.375 -0.0496264764010797
47.4375 -0.0429630750062849
47.5 -0.0361414500707342
47.5625 -0.029188313229957
47.625 -0.022130848270474
47.6875 -0.0149966372692304
47.75 -0.00781348546622025
47.8125 -0.000609344932619417
47.875 0.0065877664033149
47.9375 0.0137499111947827
48 0.0208491252019095
48.0625 0.0278582327068393
48.125 0.0347498485213417
48.1875 0.0414974758022232
48.25 0.0480750245315266
48.3125 0.0544566662516807
48.375 0.0606193827319391
48.4375 0.066537969420635
48.5 0.0721902450433303
48.5625 0.0775546430074697
48.625 0.0826107209355634
48.6875 0.0873389287949936
48.75 0.0917216396836738
48.8125 0.0957421442112757
48.875 0.0993853872269475
48.9375 0.10263856569058
49 0.105486290008356
49.0625 0.10792145203225
49.125 0.109934049495322
49.1875 0.111516413690214
49.25 0.112663330705543
49.3125 0.113370726487542
49.375 0.113636475861741
49.4375 0.113460035992441
49.5 0.112842677692218
49.5625 0.111787348147754
49.625 0.110298741078601
49.6875 0.108383019869345
49.75 0.106048345625157
49.8125 0.103304250562155
49.875 0.100161901409015
49.9375 0.0966340359147162
