0 -0.5
0.0625 3.97084161801731E-08
0.125 6.35293150086369E-07
0.1875 3.21292449381727E-06
0.25 1.0140738263914E-05
0.3125 2.47145069188492E-05
0.375 5.11373388635966E-05
0.4375 9.4491346986865E-05
0.5 0.000160737052206886
0.5625 0.000256622222517641
0.625 0.000389665841346622
0.6875 0.000568167064800076
0.75 0.000801069266472075
0.8125 0.00109796312382333
0.875 0.0014690015602729
0.9375 0.00192485600708182
1 0.00247664000698596
1.0625 0.00313584126042434
1.125 0.00391425776819562
1.1875 0.00482391657684549
1.25 0.00587699505622599
1.3125 0.00708575106991989
1.375 0.00846244481519315
1.4375 0.0100192353419328
1.5 0.0117681318520433
1.5625 0.0137208887253613
1.625 0.0158889217555307
1.6875 0.0182832545334358
1.75 0.0209143986710344
1.8125 0.0237922930129308
1.875 0.0269262351858562
1.9375 0.0303247901414781
2 0.033995718847691
2.0625 0.0379459099505121
2.125 0.0421813099668451
2.1875 0.0467068617595739
2.25 0.0515264280064332
2.3125 0.0566427638778594
2.375 0.0620574346739574
2.4375 0.0677707822966691
2.5 0.0737818787468365
2.5625 0.0800883431327475
2.625 0.0866869981187981
2.6875 0.0935725740559133
2.75 0.100738773970216
2.8125 0.10817789271392
2.875 0.115880787458107
2.9375 0.123836873440199
3 0.132034182038373
3.0625 0.140459323255162
3.125 0.149097519333091
3.1875 0.157932553969383
3.25 0.16694715356271
3.3125 0.176122337979479
3.375 0.185438121831192
3.4375 0.194873251791909
3.5 0.204405208351638
3.5625 0.21401073473004
3.625 0.223665015069099
3.6875 0.233342609336974
3.75 0.243017091846461
3.8125 0.252661245697308
3.875 0.262247108510053
3.9375 0.271746113340147
4 0.281129084880594
4.0625 0.290367662237601
4.125 0.299428440632617
4.1875 0.308284648964722
4.25 0.316905224901631
4.3125 0.325258384815775
4.375 0.333316751881828
4.4375 0.341047963730319
4.5 0.348423469484163
4.5625 0.355412610882729
4.625 0.36198806856765
4.6875 0.368121289872596
4.75 0.373785043753465
4.8125 0.378952929053422
4.875 0.383599416719786
4.9375 0.387700267838537
5 0.391232353083402
5.0625 0.394173895471539
5.125 0.396504490961466
5.1875 0.39820523908975
5.25 0.399258916651244
5.3125 0.399649746904439
5.375 0.39936406945563
5.4375 0.398389778518396
5.5 0.396716790308439
5.5625 0.39433697338001
5.625 0.391244226968356
5.6875 0.387434527552586
5.75 0.382906002128458
5.8125 0.377658841198524
5.875 0.371695595049448
5.9375 0.365020880169839
6 0.357641596991853
6.0625 0.349566873478529
6.125 0.340808061928536
6.1875 0.331378776642564
6.25 0.321294757781806
6.3125 0.310573991223232
6.375 0.29923658525791
6.4375 0.287304740224309
6.5 0.274802731057926
6.5625 0.261756823219245
6.625 0.248195202151724
6.6875 0.234147920779682
6.75 0.219646820508418
6.8125 0.204725430323379
6.875 0.189418862352447
6.9375 0.173763761622023
7 0.157798146420993
7.0625 0.141561329998678
7.125 0.125093760410548
7.1875 0.108436983561952
7.25 0.0916334214981234
7.3125 0.074726302524013
7.375 0.0577594778659745
7.4375 0.0407773290166858
7.5 0.0238246819486328
7.5625 0.00694645730870601
7.625 -0.00981227593650044
7.6875 -0.0264064835037614
7.75 -0.0427913760462065
7.8125 -0.0589224999995895
7.875 -0.074755955312671
7.9375 -0.0902484259228113
8 -0.105357435179894
8.0625 -0.120041435524966
8.125 -0.134259966913472
8.1875 -0.147973786429411
8.25 -0.161145010827946
8.3125 -0.173737236226511
8.375 -0.185715680441793
8.4375 -0.19704729944714
8.5 -0.20770104518254
8.5625 -0.217647220184791
8.625 -0.226859131871426
8.6875 -0.235311635585517
8.75 -0.242981977555023
8.8125 -0.249849868438356
8.875 -0.255900911652545
8.9375 -0.261108457158433
9 -0.265470807746187
9.0625 -0.268974042822992
9.125 -0.271610116346532
9.1875 -0.273374351096784
9.25 -0.274264323709683
9.3125 -0.274280407189159
9.375 -0.273425914028812
9.4375 -0.271706545578683
9.5 -0.269130933446214
9.5625 -0.265710570433359
9.625 -0.261457654809563
9.6875 -0.256392791884579
9.75 -0.250531469804201
9.8125 -0.243896509301748
9.875 -0.236512018014
9.9375 -0.228404486313372
10 -0.219602699796624
10.0625 -0.210137618458143
10.125 -0.200042671538094
10.1875 -0.189351965603715
10.25 -0.178103456405065
10.3125 -0.166335506901681
10.375 -0.154088515147132
10.4375 -0.141404336028373
10.5 -0.128326200338545
10.5625 -0.114898569236386
10.625 -0.101166994235032
10.6875 -0.0871777615002066
10.75 -0.0729782314981875
10.8125 -0.0586163240315728
10.875 -0.0441401570460435
10.9375 -0.0295982968950443
11 -0.0150395028431696
11.0625 -0.000534404986050924
11.125 0.0139346223041667
11.1875 0.0282534214643317
11.25 0.0423964747441034
11.3125 0.0563169321915725
11.375 0.0699678993421763
11.4375 0.0833070162743862
11.5 0.0962877903027825
11.5625 0.1088685601554
11.625 0.121008266538956
11.6875 0.13266736735598
11.75 0.1438080991453
11.8125 0.154394037308407
11.875 0.164392710178242
11.9375 0.173770760395493
12 0.182498978081743
12.0625 0.190549997945326
12.125 0.19789881780939
12.1875 0.204522935572336
12.25 0.210402320621497
12.3125 0.215519614455834
12.375 0.219860089061642
12.4375 0.223411752547711
12.5 0.226165375406726
12.5625 0.228114472016538
12.625 0.229255382993708
12.6875 0.22958724083197
12.75 0.229111989016118
12.8125 0.227834427626004
12.875 0.225762020502709
12.9375 0.222905061564835
13 0.219276495441345
13.0625 0.214891978359268
13.125 0.209768863595208
13.1875 0.203930449945791
13.25 0.197397435004259
13.3125 0.190196181396626
13.375 0.182354583249777
13.4375 0.173902641436162
13.5 0.164872299439877
13.5625 0.155297954517573
13.625 0.145215110281425
13.6875 0.13466135728602
13.75 0.123675852413466
13.8125 0.11229907702814
13.875 0.100572830589601
13.9375 0.0885400057319727
14 0.0762444247621258
14.0625 0.0637308073867883
14.125 0.0510444546780406
14.1875 0.0382311833767996
14.25 0.0253371093456707
14.3125 0.0124085243497294
14.375 -0.000508300344212842
14.4375 -0.0133672702737531
14.5 -0.0261225572968795
14.5625 -0.0387289526834872
14.625 -0.0511418254524791
14.6875 -0.0633173791394813
14.75 -0.0752127958483408
14.8125 -0.0867863701757607
14.875 -0.0979976801731244
14.9375 -0.108807674696419
15 -0.119180364281502
15.0625 -0.129075722248386
15.125 -0.138463886738579
15.1875 -0.147311904454725
15.25 -0.155588656481721
15.3125 -0.163267205401175
15.375 -0.170321647585561
15.4375 -0.176728612833499
15.5 -0.18246714543906
15.5625 -0.187518840328261
15.625 -0.191867879227882
15.6875 -0.195500701420032
15.75 -0.198406710201207
15.8125 -0.200577815671727
15.875 -0.202008666675933
15.9375 -0.202696569546331
16 -0.20264153200118
16.0625 -0.201846299925497
16.125 -0.200316249201583
16.1875 -0.19805943634086
16.25 -0.195086506793974
16.3125 -0.19141069777052
16.375 -0.187047746722792
16.4375 -0.182015894276077
16.5 -0.176335721292603
16.5625 -0.170030004652385
16.625 -0.163124187775283
16.6875 -0.155645215740705
16.75 -0.147622274773423
16.8125 -0.139086729263771
16.875 -0.13007232863338
16.9375 -0.120610866410356
17 -0.110741285247987
17.0625 -0.100500270865002
17.125 -0.0899262909341807
17.1875 -0.0790595625889967
17.25 -0.0679407402400889
17.3125 -0.056611525681616
17.375 -0.0451143400286611
17.4375 -0.0334919792511799
17.5 -0.0217872723383979
17.5625 -0.010043923048462
17.625 0.00169481797314981
17.6875 0.013383839214109
17.75 0.0249859906102296
17.8125 0.0364528454297886
17.875 0.047744685252024
17.9375 0.0588203100921361
18 0.0696395133449639
18.0625 0.0801631423408827
18.125 0.0903532449762763
18.1875 0.100173195073528
18.25 0.109587845543373
18.3125 0.11856360369074
18.375 0.127068621432508
18.4375 0.1350733285412
18.5 0.142548275517921
18.5625 0.149468667560387
18.625 0.155810179912321
18.6875 0.16155105149957
18.75 0.166671777992387
18.8125 0.171155267332629
18.875 0.174986791253625
18.9375 0.178154098400025
19 0.180647301477926
19.0625 0.182459441560791
19.125 0.183585510584135
19.1875 0.1840234900451
19.25 0.183773781353881
19.3125 0.182839609149307
19.375 0.181225651481648
19.4375 0.178940630870737
19.5 0.175995024169776
19.5625 0.172401485913329
19.625 0.168175295793326
19.6875 0.163334136384124
19.75 0.157897827391997
19.8125 0.151888266167621
19.875 0.145329588290612
19.9375 0.138247839453572
20 0.130670932643114
20.0625 0.122628575701503
20.125 0.114152113753358
20.1875 0.105274372477872
20.25 0.0960298561803997
20.3125 0.0864539683114305
20.375 0.076583474513934
20.4375 0.066456114404208
20.5 0.0561105027384282
20.5625 0.0455859249577555
20.625 0.0349223393132013
20.6875 0.0241598588818225
20.75 0.013339197518345
20.8125 0.0025010205270055
20.875 -0.0083140459238136
20.9375 -0.0190652786143145
21 -0.0297133766208316
21.0625 -0.0402179125791444
21.125 -0.0505400856376794
21.1875 -0.0606418948591222
21.25 -0.0704858507043308
21.3125 -0.080035789319842
21.375 -0.0892566683015973
21.4375 -0.098114769342486
21.5 -0.106577820095842
21.5625 -0.114614985473139
21.625 -0.122197601886365
21.6875 -0.129297907616084
21.75 -0.135891569210286
21.8125 -0.141952949476288
21.875 -0.147462733042578
21.9375 -0.15240095438268
22 -0.156750664105384
22.0625 -0.160497107080552
22.125 -0.163627346099061
22.1875 -0.166131719695704
22.25 -0.168002294865599
22.3125 -0.169233478289346
22.375 -0.169822800328071
22.4375 -0.169769242502046
22.5 -0.169074825003002
22.5625 -0.167743884384714
22.625 -0.165783039892513
22.6875 -0.163201317326765
22.75 -0.160010083924879
22.8125 -0.156222849154933
22.875 -0.151855517843777
22.9375 -0.146926028945886
23 -0.141454395021041
23.0625 -0.135462671344132
23.125 -0.128974787067652
23.1875 -0.122016488487586
23.25 -0.114615301856422
23.3125 -0.106800202969632
23.375 -0.0986017208763035
23.4375 -0.09005192235532
23.5 -0.0811839242583995
23.5625 -0.0720320702575984
23.625 -0.0626316341375895
23.6875 -0.0530187892882754
23.75 -0.0432303940970011
23.8125 -0.0333039180917052
23.875 -0.0232772514756242
23.9375 -0.0131885640643779
24 -0.00307617981984212
24.0625 0.00702110232562922
24.125 0.0170664913455558
24.1875 0.0270206619193015
24.25 0.0368466923932676
24.3125 0.0465076153437448
24.375 0.0559672688131918
24.4375 0.0651903091443743
24.5 0.0741423483210766
24.5625 0.0827901353944082
24.625 0.091101624175525
24.6875 0.0990458258932489
24.75 0.106594355012363
24.8125 0.11371872598691
24.875 0.120393163695548
24.9375 0.126593299292475
25 0.132297145647871
25.0625 0.137483881851937
25.125 0.142135115061201
25.1875 0.146234496074345
25.25 0.149767823072993
25.3125 0.152722942562901
25.375 0.15508989848384
25.4375 0.156861238771088
25.5 0.158031581433242
25.5625 0.158597870934252
25.625 0.158559306678524
25.6875 0.157917521068848
25.75 0.156676802704025
25.8125 0.154841752011189
25.875 0.152422227109941
25.9375 0.149428283628169
26 0.145872528627523
26.0625 0.141769838690115
26.125 0.137137065758915
26.1875 0.131993026574992
26.25 0.126358403340804
26.3125 0.120255890496332
26.375 0.113709514148997
26.4375 0.106745456829504
26.5 0.0993909042704944
26.5625 0.0916748619033847
26.625 0.0836275185322148
26.6875 0.0752802257169621
26.75 0.0666654373485794
26.8125 0.0578165263408576
26.875 0.0487677887148742
26.9375 0.0395540671808087
27 0.0302106522251386
27.0625 0.0207737155122927
27.125 0.011279277224571
27.1875 0.00176365737288368
27.25 -0.007736839461257
27.3125 -0.0171860413529941
27.375 -0.0265480599050135
27.4375 -0.0357872780486076
27.5 -0.0448690489316303
27.5625 -0.0537587698820145
27.625 -0.0624231490499133
27.6875 -0.0708295055835065
27.75 -0.0789463947288016
27.8125 -0.0867434937045138
27.875 -0.0941917248509145
27.9375 -0.1012634671091
28 -0.107930763849391
28.0625 -0.114174187123944
28.125 -0.119965768208444
28.1875 -0.125285985580049
28.25 -0.130115550074519
28.3125 -0.134437011036621
28.375 -0.138235099837359
28.4375 -0.141496304083324
28.5 -0.144209344126337
28.5625 -0.146365011070528
28.625 -0.147955894175189
28.6875 -0.14897810145195
28.75 -0.149427839105432
28.8125 -0.149305066533712
28.875 -0.148611382905144
28.9375 -0.147350619125775
29 -0.145528774493958
29.0625 -0.143153990239871
29.125 -0.140236430477437
29.1875 -0.136788440652986
29.25 -0.132824309666783
29.3125 -0.128360081655968
29.375 -0.12341403644778
29.4375 -0.118006011817317
29.5 -0.112157627291981
29.5625 -0.105892211409068
29.625 -0.0992344204638701
29.6875 -0.0921978296660065
29.75 -0.0848484694298694
29.8125 -0.0771767509977685
29.875 -0.0692254449653895
29.9375 -0.0610255712164453
30 -0.0526090075187922
30.0625 -0.0440083603709318
30.125 -0.0352569345334714
30.1875 -0.0263885836841516
30.25 -0.0174373897429811
30.3125 -0.0084378479258032
30.375 0.000575863556085937
30.4375 0.00956809918671097
30.5 0.0185055763829266
30.5625 0.0273538115323777
30.625 0.0360791072277123
30.6875 0.04464824065861
30.75 0.0530287372804581
30.8125 0.0611888440924148
30.875 0.0690977443312737
30.9375 0.0767256230129718
31 0.0840437982659412
31.0625 0.0910248224381129
31.125 0.0976426392051852
31.1875 0.103873891209626
31.25 0.109691436127049
31.3125 0.115077776718432
31.375 0.120011720155187
31.4375 0.124475331639274
31.5 0.128452336235684
31.5625 0.131928481706129
31.625 0.134891216052444
31.6875 0.137330406763451
31.75 0.139237543505095
31.8125 0.140606401656499
31.875 0.141432629380898
31.9375 0.141714231396641
32 0.141451095271542
32.0625 0.140645250440798
32.125 0.139300857529623
32.1875 0.13742404893172
32.25 0.135023043783306
32.3125 0.132108007139008
32.375 0.128691164920982
32.4375 0.124786488507943
32.5 0.120409936380035
32.5625 0.115579150545175
32.625 0.110313515834332
32.6875 0.104634159460156
32.75 0.0985633906955828
32.8125 0.0921255265225293
32.875 0.0853457843900447
32.9375 0.0782509115748744
33 0.0708687172330047
33.0625 0.0632280750587259
33.125 0.0553587976448578
33.1875 0.0472915854281241
33.25 0.0390576327008953
33.3125 0.0306890200426627
33.375 0.0222180980014023
33.4375 0.0136776067194184
33.5 0.00510041339013301
33.5625 -0.00347396780796624
33.625 -0.0120318288194534
33.6875 -0.0205210959649172
33.75 -0.0289157115222495
33.8125 -0.0371835788476362
33.875 -0.0452931055738284
33.9375 -0.0532134913929176
34 -0.0609145470684109
34.0625 -0.0683671033608975
34.125 -0.0755429780928056
34.1875 -0.0824149950793933
34.25 -0.0889573498829831
34.3125 -0.0951454351478558
34.375 -0.100956121017573
34.4375 -0.106367696953469
34.5 -0.11136012239036
34.5625 -0.11591478028343
34.625 -0.120015072453223
34.6875 -0.123645952990294
34.75 -0.126794449186837
34.8125 -0.12944895919909
34.875 -0.131600468786091
34.9375 -0.133241397921206
35 -0.134366368604558
35.0625 -0.13497194555577
35.125 -0.135056675904147
35.1875 -0.134623468621112
35.25 -0.133668158081245
35.3125 -0.132201792445948
35.375 -0.130228950961712
35.4375 -0.127757988883047
35.5 -0.124799278210971
35.5625 -0.121369009978358
35.625 -0.117469315095968
35.6875 -0.113127884154911
35.75 -0.108358207612946
35.8125 -0.103179385301148
35.875 -0.0976120851374543
35.9375 -0.0916777194337373
36 -0.0853979505985495
36.0625 -0.0788067207546956
36.125 -0.0719195543154418
36.1875 -0.0647671228794991
36.25 -0.0573774440825494
36.3125 -0.0497793357629885
36.375 -0.0420024310471402
36.4375 -0.0340826811859547
36.5 -0.0260337677989472
36.5625 -0.0179039951727168
36.625 -0.00971901121476761
36.6875 -0.00151055362813114
36.75 0.00668975383534052
36.8125 0.0148503321484378
36.875 0.0229398017923134
36.9375 0.0309271793347107
37 0.0387817208064282
37.0625 0.0464734915630386
37.125 0.053973091471058
37.1875 0.0612519210091102
37.25 0.0682823120068196
37.3125 0.0750375832431754
37.375 0.0814921281058917
37.4375 0.0876215657228717
37.5 0.0934028834953354
37.5625 0.0988141924631188
37.625 0.103835295509645
37.6875 0.108447558082419
37.75 0.112633798376736
37.8125 0.11637955243869
37.875 0.119668173571224
37.9375 0.122490643636485
38 0.124835879318261
38.0625 0.126695519290133
38.125 0.128063245143635
38.1875 0.12893456581472
38.25 0.129306899788732
38.3125 0.129179607328705
38.375 0.128554081325505
38.4375 0.127433239947995
38.5 0.125820786605391
38.5625 0.123728688170306
38.625 0.121160701528928
38.6875 0.118129225847778
38.75 0.114646617248766
38.8125 0.110727067104256
38.875 0.106386366611641
38.9375 0.101641928220572
39 0.0965126842974558
39.0625 0.0910190618827257
39.125 0.0851827830172281
39.1875 0.0790269219472882
39.25 0.0725749909795743
39.3125 0.0658545718919437
39.375 0.0588898191018437
39.4375 0.0517086398192955
39.5 0.0443393718400107
39.5625 0.0368101212281148
39.625 0.0291507994400164
39.6875 0.0213909727522546
39.75 0.0135607286709095
39.8125 0.00569040268907262
39.875 -0.00218950324450269
39.9375 -0.0100487268381023
40 -0.0178567368266359
40.0625 -0.0255836153998889
40.125 -0.0331996251935593
40.1875 -0.0406755143653578
40.25 -0.0479826428203571
40.3125 -0.0550930541429886
40.375 -0.0619795976220199
40.4375 -0.0686160983706409
40.5 -0.0749770897147152
40.5625 -0.0810386328961421
40.625 -0.0867777103795745
40.6875 -0.0921727667023555
40.75 -0.0972030842892604
40.8125 -0.101850226789336
40.875 -0.106096634694979
40.9375 -0.109926536604733
41 -0.113325743875173
41.0625 -0.116281779009618
41.125 -0.118783922415678
41.1875 -0.120823124751381
41.25 -0.122390059764118
41.3125 -0.123485872348156
41.375 -0.124100542012559
41.4375 -0.124234551841547
41.5 -0.123888215347073
41.5625 -0.123063262827578
41.625 -0.121763910551723
41.6875 -0.119995763288106
41.75 -0.117766334178898
41.8125 -0.115084924526021
41.875 -0.111962571395447
41.9375 -0.108411974275408
42 -0.104447481339682
42.0625 -0.100085009974449
42.125 -0.0953421778429119
42.1875 -0.0902373575614671
42.25 -0.0847913215326632
42.3125 -0.0790254388320805
42.375 -0.0729624236745676
42.4375 -0.0666262162793083
42.5 -0.0600416420442757
42.5625 -0.0532361960649884
42.625 -0.046230726929016
42.6875 -0.0390599624902648
42.75 -0.0317478006785412
42.8125 -0.0243235329177672
42.875 -0.0168162629981349
42.9375 -0.00925438484588022
43 -0.00166793554732148
43.0625 0.00591392412603767
43.125 0.013461924315745
43.1875 0.0209469106626483
43.25 0.0283400215631442
43.3125 0.0356128371028329
43.375 0.0427373616933749
43.4375 0.0496863003096359
43.5 0.0564329025172735
43.5625 0.0629528242446051
43.625 0.0692173844202973
43.6875 0.0752063180684784
43.75 0.0808956693894617
43.8125 0.0862639802655323
43.875 0.0912907191807436
43.9375 0.0959569453775421
44 0.100245281525513
44.0625 0.104139584516986
44.125 0.107625323368507
44.1875 0.110689640135165
44.25 0.113321215397262
44.3125 0.115510471093731
44.375 0.117249569964625
44.4375 0.118532405127324
44.5 0.119354632749188
44.5625 0.119713705648579
44.625 0.119609052895093
44.6875 0.119041280337101
44.75 0.11801359709542
44.8125 0.116530549376415
44.875 0.114598437460864
44.9375 0.112225370531698
45 0.109421172963431
45.0625 0.106197184417822
45.125 0.102566560639268
45.1875 0.0985438440621458
45.25 0.094145160894468
45.3125 0.0893880399137331
45.375 0.0842913750286795
45.4375 0.0788753588900326
45.5 0.0723645434262178
45.5625 0.0671719264927889
45.625 0.060930592882689
45.6875 0.0544618645477763
45.75 0.0477910839500304
45.8125 0.0409443253791355
45.875 0.033948344177399
45.9375 0.026830754049153
46 -0.0342791574001346
46.0625 0.0123399480466032
46.125 0.00502365086096638
46.1875 -0.00230213129615015
46.25 -0.00961017867779124
46.3125 -0.0168690236868608
46.375 -0.0240537941663399
46.4375 -0.0311357060091579
46.5 -0.0380875177157671
46.5625 -0.044882448092032
46.625 -0.0514939064616685
46.6875 -0.0578979617099876
46.75 -0.0640688508296159
46.8125 -0.0699831632455344
46.875 -0.0756185299276003
46.9375 -0.0809534412431251
47 -0.0859676192621299
47.0625 -0.0906454103070629
47.125 -0.094959183367204
47.1875 -0.0989026345603678
47.25 -0.102457724938631
47.3125 -0.105611146134968
47.375 -0.108350479275993
47.4375 -0.110667812466131
47.5 -0.112552526131615
47.5625 -0.113998746031133
47.625 -0.115001326445203
47.6875 -0.115556949789881
47.75 -0.115664242869466
47.8125 -0.115322886204532
47.875 -0.114535164420079
47.9375 -0.113304745114128
48 -0.111636669403936
48.0625 -0.109538253913432
48.125 -0.107018037531326
48.1875 -0.104086347560071
48.25 -0.100755062346492
48.3125 -0.0970376049613887
48.375 -0.092948848391638
48.4375 -0.0885051267605904
48.5 -0.083724080980636
48.5625 -0.0786247439201761
48.625 -0.0732272840369555
48.6875 -0.0675527155734663
48.75 -0.0616236741978264
48.8125 -0.0554633804564489
48.875 -0.0490959771504747
48.9375 -0.0425463611423779
49 -0.0358402385697863
49.0625 -0.0290037129598052
49.125 -0.022063431609048
49.1875 -0.0150464540428675
49.25 -0.00798006170944018
49.3125 -0.000891688339970435
49.375 0.00619116237020935
49.4375 0.0132410515116382
49.5 0.0202306932332926
49.5625 0.0271330841589225
49.625 0.0339215622639234
49.6875 0.0405700041186809
49.75 0.0470527725549307
49.8125 0.0533449710939914
49.875 0.0594238054379072
49.9375 0.0652618875295607
