-5 -5 6.00291216753472E-08
-5 -4.5 2.02337003317493E-07
-5 -4 7.00859318393045E-07
-5 -3.5 2.50098357848548E-06
-5 -3 9.21822673572407E-06
-5 -2.5 3.51879238201073E-05
-5 -2 0.000139470921139081
-5 -1.5 0.000575449109780133
-5 -1 0.00248082715946117
-5 -0.5 0.011636589193836

-5 0.5 0.011636589193836
-5 1 0.00248082715946117
-5 1.5 0.000575449109780133
-5 2 0.000139470921139081
-5 2.5 3.51879238201073E-05
-5 3 9.21822673572407E-06
-5 3.5 2.50098357848548E-06
-5 4 7.00859318393045E-07
-5 4.5 2.02337003317493E-07
-5 5 6.00291216753472E-08
-4.5 -5 1.61635841485205E-07
-4.5 -4.5 5.32087212743E-07
-4.5 -4 1.80073942278018E-06
-4.5 -3.5 6.28321212448996E-06
-4.5 -3 2.26725804045332E-05
-4.5 -2.5 8.48769000368627E-05
-4.5 -2 0.000330699745648613
-4.5 -1.5 0.00134502129129008
-4.5 -1 0.0057166753024179
-4.5 -0.5 0.0245225446551928
-4.5 0 0.0600196007990931
-4.5 0.5 0.0245225446551928
-4.5 1 0.0057166753024179
-4.5 1.5 0.00134502129129008
-4.5 2 0.000330699745648613
-4.5 2.5 8.48769000368627E-05
-4.5 3 2.26725804045332E-05
-4.5 3.5 6.28321212448996E-06
-4.5 4 1.80073942278018E-06
-4.5 4.5 5.32087212743E-07
-4.5 5 1.61635841485205E-07
-4 -5 4.24469990053104E-07
-4 -4.5 1.36108298672253E-06
-4 -4 4.48768928863317E-06
-4 -3.5 1.52641975724098E-05
-4 -3 5.37510366517839E-05
-4 -2.5 0.00019670647412211
-4 -2 0.00075107389613681
-4 -1.5 0.00300393254319215
-4 -1 0.0126497860959434
-4 -0.5 0.0584731370260656

-4 0.5 0.0584731370260656
-4 1 0.0126497860959434
-4 1.5 0.00300393254319215
-4 2 0.00075107389613681
-4 2.5 0.00019670647412211
-4 3 5.37510366517839E-05
-4 3.5 1.52641975724098E-05
-4 4 4.48768928863317E-06
-4 4.5 1.36108298672253E-06
-4 5 4.24469990053104E-07
-3.5 -5 1.08729392193718E-06
-3.5 -4.5 3.38618228681902E-06
-3.5 -4 1.08418870355837E-05
-3.5 -3.5 3.5819820275142E-05
-3.5 -3 0.000122620726793437
-3.5 -2.5 0.000436930585146532
-3.5 -2 0.00162850738499166
-3.5 -1.5 0.00637999617284618
-3.5 -1 0.026352571049275
-3.5 -0.5 0.111030543209972
-3.5 0 0.270088203595919
-3.5 0.5 0.111030543209972
-3.5 1 0.026352571049275
-3.5 1.5 0.00637999617284618
-3.5 2 0.00162850738499166
-3.5 2.5 0.000436930585146532
-3.5 3 0.000122620726793437
-3.5 3.5 3.5819820275142E-05
-3.5 4 1.08418870355837E-05
-3.5 4.5 3.38618228681902E-06
-3.5 5 1.08729392193718E-06
-3 -5 2.71793408137191E-06
-3 -4.5 8.19480475710222E-06
-3 -4 2.5386204222806E-05
-3 -3.5 8.11303229545533E-05
-3 -3 0.000268755183258919
-3 -2.5 0.000927862582710683
-3 -2 0.00335890457577505
-3 -1.5 0.0128328054498575
-3 -1 0.0521564042150445
-3 -0.5 0.23571275102786

-3 0.5 0.23571275102786
-3 1 0.0521564042150445
-3 1.5 0.0128328054498575
-3 2 0.00335890457577505
-3 2.5 0.000927862582710683
-3 3 0.000268755183258919
-3 3.5 8.11303229545533E-05
-3 4 2.5386204222806E-05
-3 4.5 8.19480475710222E-06
-3 5 2.71793408137191E-06
-2.5 -5 6.63605686438768E-06
-2.5 -4.5 1.93042091416852E-05
-2.5 -4 5.7625420036726E-05
-2.5 -3.5 0.000177299064722054
-2.5 -3 0.000565253621028827
-2.5 -2.5 0.00187930950627487
-2.5 -2 0.00656472314140523
-2.5 -1.5 0.0242943016343383
-2.5 -1 0.0959248065518974
-2.5 -0.5 0.392552250112985
-2.5 0 0.945308712585717
-2.5 0.5 0.392552250112985
-2.5 1 0.0959248065518974
-2.5 1.5 0.0242943016343383
-2.5 2 0.00656472314140523
-2.5 2.5 0.00187930950627487
-2.5 3 0.000565253621028827
-2.5 3.5 0.000177299064722054
-2.5 4 5.7625420036726E-05
-2.5 4.5 1.93042091416852E-05
-2.5 5 6.63605686438768E-06
-2 -5 1.58481428818401E-05
-2 -4.5 4.43201831162224E-05
-2 -4 0.00012693102111403
-2 -3.5 0.000373992309657017
-2 -3 0.00114023167536849
-2 -2.5 0.00362341921795101
-2 -2 0.0121107026773476
-2 -1.5 0.0430425379918666
-2 -1 0.164933031883947
-2 -0.5 0.71689234493289

-2 0.5 0.71689234493289
-2 1 0.164933031883947
-2 1.5 0.0430425379918666
-2 2 0.0121107026773476
-2 2.5 0.00362341921795101
-2 3 0.00114023167536849
-2 3.5 0.000373992309657017
-2 4 0.00012693102111403
-2 4.5 4.43201831162224E-05
-2 5 1.58481428818401E-05
-1.5 -5 3.70966856283124E-05
-1.5 -4.5 9.93744987435257E-05
-1.5 -4 0.000271818562676655
-1.5 -3.5 0.000762592112140775
-1.5 -3 0.00220738595522273
-1.5 -2.5 0.0066443624791765
-1.5 -2 0.0210173689293841
-1.5 -1.5 0.0708294520743442
-1.5 -1 0.258285446187232
-1.5 -0.5 1.00081579171543
-1.5 0 2.36327178146429
-1.5 0.5 1.00081579171543
-1.5 1 0.258285446187232
-1.5 1.5 0.0708294520743442
-1.5 2 0.0210173689293841
-1.5 2.5 0.0066443624791765
-1.5 3 0.00220738595522273
-1.5 3.5 0.000762592112140775
-1.5 4 0.000271818562676655
-1.5 4.5 9.93744987435257E-05
-1.5 5 3.70966856283124E-05
-1 -5 8.53448613057248E-05
-1 -4.5 0.00021825159063062
-1 -4 0.000567652783328864
-1 -3.5 0.00150761119816818
-1 -3 0.00411116377144931
-1 -2.5 0.0116006017084211
-1 -2 0.0342542399523462
-1 -1.5 0.107606344979667
-1 -1 0.368801471027646
-1 -0.5 1.47791143017752

-1 0.5 1.47791143017752
-1 1 0.368801471027646
-1 1.5 0.107606344979667
-1 2 0.0342542399523462
-1 2.5 0.0116006017084211
-1 3 0.00411116377144931
-1 3.5 0.00150761119816818
-1 4 0.000567652783328864
-1 4.5 0.00021825159063062
-1 5 8.53448613057248E-05
-0.5 -5 0.000193650384212139
-0.5 -4.5 0.000471374636050623
-0.5 -4 0.00116120940877808
-0.5 -3.5 0.00290386424919283
-0.5 -3 0.0074037975726845
-0.5 -2.5 0.0193714789939966
-0.5 -2 0.0525434223234601
-0.5 -1.5 0.150251957608489
-0.5 -1 0.465630709967079
-0.5 -0.5 1.58242871004272
-0.5 0 3.54490767219644
-0.5 0.5 1.58242871004272
-0.5 1 0.465630709967079
-0.5 1.5 0.150251957608489
-0.5 2 0.0525434223234601
-0.5 2.5 0.0193714789939966
-0.5 3 0.0074037975726845
-0.5 3.5 0.00290386424919283
-0.5 4 0.00116120940877808
-0.5 4.5 0.000471374636050623
-0.5 5 0.000193650384212139
0 -5 0.00043517511318276
0 -4.5 0.00100609012134694
0 -4 0.00234049238434076
0 -3.5 0.0054877875964871
0 -3 0.0130006413517477
0 -2.5 0.0312355760308867
0 -2 0.0765948090510352
0 -1.5 0.193990097194728
0 -1 0.521564042150445
0 -0.5 1.65235521130043

0 0.5 1.65235521130043
0 1 0.521564042150445
0 1.5 0.193990097194728
0 2 0.0765948090510352
0 2.5 0.0312355760308867
0 3 0.0130006413517477
0 3.5 0.0054877875964871
0 4 0.00234049238434076
0 4.5 0.00100609012134694
0 5 0.00043517511318276
0.5 -5 0.000973081137657136
0.5 -4.5 0.00213423943689387
0.5 -4 0.00468098477665914
0.5 -3.5 0.0102667105112472
0.5 -3 0.0225177712285191
0.5 -2.5 0.0493877746987708
0.5 -2 0.108321040085532
0.5 -1.5 0.237569204470945
0.5 -1 0.520590959948939
0.5 -0.5 1.11894607161549
0.5 0 1.77245383609822
0.5 0.5 1.11894607161549
0.5 1 0.520590959948939
0.5 1.5 0.237569204470945
0.5 2 0.108321040085532
0.5 2.5 0.0493877746987708
0.5 3 0.0225177712285191
0.5 3.5 0.0102667105112472
0.5 4 0.00468098477665914
0.5 4.5 0.00213423943689387
0.5 5 0.000973081137657136
1 -5 0.0021758755659138
1 -4.5 0.00452740554606124
1 -4 0.00936196953736305
1 -3.5 0.0192072565877049
1 -3 0.0390019240552432
1 -2.5 0.0780889400772168
1 -2 0.15318961810207
1 -1.5 0.290985145792091
1 -1 0.521564042150445
1 -0.5 0.826177605650215
1 0 0.999999989064902
1 0.5 0.826177605650215
1 1 0.521564042150445
1 1.5 0.290985145792091
1 2 0.15318961810207
1 2.5 0.0780889400772168
1 3 0.0390019240552432
1 3.5 0.0192072565877049
1 4 0.00936196953736305
1 4.5 0.00452740554606124
1 5 0.0021758755659138
1.5 -5 0.00488967220135652
1.5 -4.5 0.00966318003903778
1.5 -4 0.0188696528926438
1.5 -3.5 0.0362983031149104
1.5 -3 0.0684851275473316
1.5 -2.5 0.125914613460978
1.5 -2 0.223309544874706
1.5 -1.5 0.375629894021222
1.5 -1 0.582038387458849
1.5 -0.5 0.791214355021362
1.5 0 0.88622691804911
1.5 0.5 0.791214355021362
1.5 1 0.582038387458849
1.5 1.5 0.375629894021222
1.5 2 0.223309544874706
1.5 2.5 0.125914613460978
1.5 3 0.0684851275473316
1.5 3.5 0.0362983031149104
1.5 4 0.0188696528926438
1.5 4.5 0.00966318003903778
1.5 5 0.00488967220135652
2 -5 0.0110948319697442
2 -4.5 0.020870308354053
2 -4 0.0386003892663628
2 -3.5 0.0699154693150493
2 -3 0.123334913143479
2 -2.5 0.210260905965132
2 -2 0.342542399523462
2 -1.5 0.524580931775875
2 -1 0.737602942055292
2 -0.5 0.923694643860948
2 0 0.999999989064902
2 0.5 0.923694643860948
2 1 0.737602942055292
2 1.5 0.524580931775875
2 2 0.342542399523462
2 2.5 0.210260905965132
2 3 0.123334913143479
2 3.5 0.0699154693150493
2 4 0.0386003892663628
2 4.5 0.020870308354053
2 5 0.0110948319697442
2.5 -5 0.0255248382551307
2.5 -4.5 0.0458364875454512
2.5 -4 0.0806111924937954
2.5 -3.5 0.138219820325516
2.5 -3 0.229706100965365
2.5 -2.5 0.367101026974502
2.5 -2 0.558273862186764
2.5 -1.5 0.796831335836372
2.5 -1 1.04928462513563
2.5 -0.5 1.25101973964429
2.5 0 1.32934037707366
2.5 0.5 1.25101973964429
2.5 1 1.04928462513563
2.5 1.5 0.796831335836372
2.5 2 0.558273862186764
2.5 2.5 0.367101026974502
2.5 3 0.229706100965365
2.5 3.5 0.138219820325516
2.5 4 0.0806111924937954
2.5 4.5 0.0458364875454512
2.5 5 0.0255248382551307
3 -5 0.0597474986645374
3 -4.5 0.102774349629353
3 -4 0.172626188715081
3 -3.5 0.281838267105593
3 -3 0.444690353393712
3 -2.5 0.673163351584962
3 -2 0.968856214187805
3 -1.5 1.31145232943969
3 -1 1.64933031883947
3 -0.5 1.90424529122799
3 0 1.9999999781298
3 0.5 1.90424529122799
3 1 1.64933031883947
3 1.5 1.31145232943969
3 2 0.968856214187805
3 2.5 0.673163351584962
3 3 0.444690353393712
3 3.5 0.281838267105593
3 4 0.172626188715081
3 4.5 0.102774349629353
3 5 0.0597474986645374
3.5 -5 0.142688183632898
3.5 -4.5 0.235957761364962
3.5 -4 0.380242234509524
3.5 -3.5 0.594505926396137
3.5 -3 0.897031000309263
3.5 -2.5 1.29789812777108
3.5 -2 1.78734844904666
3.5 -1.5 2.3231425937836
3.5 -1 2.82528531797386
3.5 -0.5 3.18948703216801
3.5 0 3.32335094268416
3.5 0.5 3.18948703216801
3.5 1 2.82528531797386
3.5 1.5 2.3231425937836
3.5 2 1.78734844904666
3.5 2.5 1.29789812777108
3.5 3 0.897031000309263
3.5 3.5 0.594505926396137
3.5 4 0.380242234509524
3.5 4.5 0.235957761364962
3.5 5 0.142688183632898
4 -5 0.348384790550251
4 -4.5 0.555837281086642
4 -4 0.863130943575404
4 -3.5 1.2992102166732
4 -3 1.88666138647762
4 -2.5 2.62878692427434
4 -2 3.49326075880605
4 -1.5 4.39874483681638
4 -1 5.21564042150445
4 -0.5 5.79153595298921
4 0 5.99999993438941
4 0.5 5.79153595298921
4 1 5.21564042150445
4 1.5 4.39874483681638
4 2 3.49326075880605
4 2.5 2.62878692427434
4 3 1.88666138647762
4 3.5 1.2992102166732
4 4 0.863130943575404
4 4.5 0.555837281086642
4 5 0.348384790550251
4.5 -5 0.870865624611499
4.5 -4.5 1.34516620434868
4.5 -4 2.02101519849814
4.5 -3.5 2.9426542040721
4.5 -3 4.13510859346058
4.5 -2.5 5.58247092928624
4.5 -2 7.2050319411179
4.5 -1.5 8.84626344341204
4.5 -1 10.2841937917103
4.5 -0.5 11.2765395447628
4.5 0 11.6317282993946
4.5 0.5 11.2765395447628
4.5 1 10.2841937917103
4.5 1.5 8.84626344341204
4.5 2 7.2050319411179
4.5 2.5 5.58247092928624
4.5 3 4.13510859346058
4.5 3.5 2.9426542040721
4.5 4 2.02101519849814
4.5 4.5 1.34516620434868
4.5 5 0.870865624611499
5 -5 2.23075109632528
5 -4.5 3.34658359531178
5 -4 4.88260594603289
5 -3.5 6.90539702231535
5 -3 9.43330693238808
5 -2.5 12.3999631219006
5 -2 15.6223370396457
5 -1.5 18.7914461802277
5 -1 21.5046363631039
5 -0.5 23.3464278057684
5 0 23.9999997375577
5 0.5 23.3464278057684
5 1 21.5046363631039
5 1.5 18.7914461802277
5 2 15.6223370396457
5 2.5 12.3999631219006
5 3 9.43330693238808
5 3.5 6.90539702231535
5 4 4.88260594603289
5 4.5 3.34658359531178
5 5 2.23075109632528
