0 3.04159265358979 0
0.0625 3.04061771788035 -0.0309542087747734
0.168757508431837 3.034526944679 -0.083856334412349
0.307506401537349 3.01795072929223 -0.157858161949115
0.464721446996495 2.98600020539691 -0.256487045465817
0.623197512621965 2.93642858501542 -0.38276866232797
0.762477765483209 2.87416435174019 -0.527200335586554
0.880340687758895 2.80376518714375 -0.682908537388087
0.980666601942009 2.7277709210816 -0.846281304762341
1.06791236786311 2.64708967580905 -1.01614571279839
1.14566815436801 2.56167296696862 -1.19267530937357
1.21658684695212 2.47094998981273 -1.37666346630905
1.28262683640879 2.37400942525544 -1.56918731646384
1.34530734965628 2.26960213585981 -1.77153494877739
1.40592639402128 2.15599368939665 -1.98531585173796
1.46577076392809 2.03060891857036 -2.21277457253947
1.52640482714598 1.88921972676477 -2.4575167884509
1.58889486864652 1.72757722420095 -2.72047883515858
1.65152549522058 1.54883963522282 -2.98814547768741
1.71376396497439 1.3546271698985 -3.24873116345112
1.77243790322643 1.1570030704719 -3.47857844778088
1.81896274523469 0.991149265282802 -3.64184868307037
1.86022723321002 0.83808383570376 -3.76723272971888
1.89708079871526 0.6973633915344 -3.86015134170818
1.93268468300016 0.558503481557426 -3.93012059641491
1.96651216277263 0.424603600571085 -3.97654891474278
1.99867720840007 0.296146462178061 -4.0011871369923
2.02951632663303 0.172535166850831 -4.00610518104013
2.05940335761223 0.0528684989321463 -3.99298975389838
2.08868662073566 -0.0637445526592519 -3.9630172394913
2.11767824677186 -0.178088639979551 -3.91690646660122
2.14666267188174 -0.290834544174431 -3.85499656893512
2.17591123244844 -0.402562136668573 -3.77730165895943
2.2056988852779 -0.513791071752318 -3.68353100772778
2.23632314261728 -0.62501231467256 -3.57307156511729
2.26812764547104 -0.73672066883161 -3.44492584286275
2.30153535527544 -0.84945252943065 -3.29758623789015
2.33710118461384 -0.963837871073707 -3.12880149035146
2.37560546221471 -1.08068584792593 -2.935131347659
2.41824191526734 -1.20115280455406 -2.71102108227704
2.46706351034324 -1.32714506133415 -2.4465691469216
2.51899144328248 -1.4468235276415 -2.16121066490188
2.57223961976017 -1.55410405740302 -1.86873693205903
2.62606718478006 -1.64677429696591 -1.57658347839026
2.68027431028276 -1.72433243558276 -1.28806576821121
2.73489024256051 -1.78683155037313 -1.0042093277585
2.79001267028254 -1.834384966088 -0.724853498103902
2.84573301705832 -1.86699893655101 -0.449241488677067
2.90210465725278 -1.88454652824619 -0.176334133022743
2.95913195820658 -1.88679732023865 0.0949996270119489
3.01677040302429 -1.87346690370174 0.365833807704262
3.07493413618078 -1.84427024441617 0.637040337732049
3.1335097069187 -1.79896947976687 0.909135853512409
3.19237523250868 -1.73740816208153 1.18212317925945
3.25142376200817 -1.65952463014816 1.45533775914838
3.3105891621159 -1.5653388631267 1.72730978707477
3.36987307698727 -1.45490969780146 1.99564641967969
3.42937290171336 -1.32826100729644 2.25692621125219
3.48931356594138 -1.1852736415066 2.50658079444239
3.55009094914258 -1.02553068391814 2.73871470332242
3.60601485448405 -0.866756809033243 2.92629732747301
3.65558085114787 -0.7179290108834 3.06587425811172
3.69962316025548 -0.580454193060853 3.16484731424414
3.73949084082733 -0.45272873366729 3.23150735410204
3.77637805347224 -0.332589100012364 3.27212616552999
3.81119924430353 -0.218156018889681 3.29089961974208
3.84463107369801 -0.107990246983726 3.29050864294169
3.87718129557467 -0.00103376617999512 3.27262480598999
3.90924708661879 0.103487574127759 3.23825144495946
3.94115806321875 0.206148160874745 3.18792969330135
3.97320739899088 0.307384249478778 3.12185291878122
4.0056754682348 0.407536018029998 3.03992082776816
4.03884989223939 0.506874949865454 2.94175086500472
4.07304540956908 0.605620531666979 2.826653523717
4.1086271687165 0.703948662211585 2.69356847152904
4.14604228899018 0.801992374025624 2.54094687084242
4.18586778621513 0.899833140294686 2.36654627420366
4.228890692478 0.997476980492483 2.16706514822253
4.27625568409189 1.0948004736754 1.93744853655849
4.32894381190269 1.19004009184901 1.67362918179752
4.38398119510483 1.27448811048442 1.39260069991186
4.43986234767757 1.34429811072054 1.10494729463069
4.49597735743832 1.39819614959008 0.816242294854026
4.55215969456187 1.43595860807027 0.529030533059295
4.60842705844367 1.45767319963561 0.244286717095451
4.6648553180518 1.46345115158631 -0.0377085859332295
4.72152575601247 1.4533466947244 -0.316871098935281
4.77850933561422 1.42735696548109 -0.593015735165523
4.83586946738053 1.38544440823271 -0.865654574078628
4.89367466414195 1.32755612504709 -1.13383644296809
4.95201750815321 1.25362809852868 -1.39600307746325
5.01103913753551 1.16356709992639 -1.64984816577193
5.07096079011888 1.05720353752927 -1.89216475887286
5.12725332776457 0.944538228562495 -2.10143938342595
5.17804390250532 0.833257228369805 -2.27114586641765
5.22417786557762 0.725146388459195 -2.40648589184325
5.26894001240457 0.614707356203799 -2.51808506255852
5.30940170977817 0.510976231273339 -2.60026023133829
5.34883498805624 0.40704378613084 -2.66175714596241
5.38699377310809 0.304517683275514 -2.70266894315899
5.42397762578777 0.203999380625157 -2.7241021084691
5.46002705352053 0.105581388916625 -2.72730605586776
5.49542517530942 0.00913692382822741 -2.71333283162854
5.53045807749484 -0.0855307733223492 -2.68294281172383
5.56540397431842 -0.17861824897369 -2.63660261022825
5.60053557276109 -0.270291327950151 -2.57450552049291
5.63612849831074 -0.360672154936839 -2.49658642108019
5.67247313702172 -0.449832055003773 -2.40252028054522
5.70988967726231 -0.537783764143309 -2.29169852471456
5.74874775908564 -0.624468609599312 -2.16317650806797
5.78949385985295 -0.709733969618121 -2.01557980155696
5.83269234178479 -0.793293755252757 -1.84694521992205
5.87909178553213 -0.874658177400507 -1.654447617575
5.92974151430353 -0.953003736360739 -1.43390565036016
5.98573873403332 -1.02634621850449 -1.18101145101664
6.04399716204134 -1.08739077059264 -0.911533548254496
6.10296652990842 -1.13304976451192 -0.635467839075193
6.16202948019568 -1.16240650904921 -0.358357364943079
6.22103672941392 -1.17540744088266 -0.0831105885327342
6.28004454370379 -1.17224223978421 0.188651823070296
6.33919024086023 -1.15310670336001 0.45577361521864
6.39864392806564 -1.11813352602177 0.717083483018805
6.45859947160664 -1.06738102370292 0.97110065653929
6.5192865600258 -1.00082976451748 1.21582592001981
6.58099717001098 -0.918363680074233 1.44855870767261
6.64244265249858 -0.822539717152354 1.66018846281213
6.70046492116392 -0.72074223962957 1.837605244822
6.75414612047569 -0.618004964733342 1.97889582439988
6.80374001731916 -0.516909481535594 2.08721169497165
6.84992978255063 -0.418422385447079 2.16691685814874
6.893458692074 -0.322687381990848 2.22194247201092
6.93499226517439 -0.229513694447847 2.25534930201389
6.97508907540697 -0.138620211125919 2.26936583902928
7.01421261220168 -0.0497400433660612 2.26555107888396
7.0527543045107 0.0373420966675811 2.24495238853505
7.09105670325508 0.122780542178961 2.20822408454594
7.12943390847282 0.20666852827031 2.15570534914299
7.16818943703205 0.28903877410946 2.08746414530217
7.20763284448865 0.369860902404465 2.00331316437691
7.24809691287553 0.449033401562575 1.9028005332596
7.28995776018738 0.526367757577164 1.78517357936972
7.33366130115938 0.601561013478104 1.64930786746136
7.37976180865315 0.674149925628609 1.49358361260274
7.4289835302982 0.743433407413616 1.31567138086567
7.48232894595617 0.808335318998242 1.11214195576097
7.54129201921552 0.867142074643725 0.877687194467427
7.60304810687781 0.913656263876566 0.625291561726512
7.66570159608348 0.944756259430679 0.365788796823728
7.72848723889931 0.959556185157601 0.105600359748215
7.79123190797508 0.958069908720602 -0.151542762088183
7.85404014912303 0.940558412320202 -0.403214272284537
7.91714429108737 0.907271841886121 -0.647411568959969
7.98084931125754 0.858363752947894 -0.882028427909367
8.04552978060417 0.793859963471522 -1.10451601999549
8.10717537253097 0.719521654831757 -1.29823511338185
8.16381765470783 0.641221350125514 -1.45734723356036
8.21883992118836 0.557058948772181 -1.59190221757445
8.26838025832667 0.475440091219101 -1.69406516063499
8.31659406869368 0.391594937793054 -1.77460573387933
8.36313032133678 0.307425482045456 -1.83341553028124
8.40808863412904 0.223932332031828 -1.87168009734252
8.45175593509789 0.14158863206232 -1.89084143850591
8.49447719731513 0.0605969931169952 -1.89217340963997
8.53660169269852 -0.0189588104375351 -1.87665320711742
8.57846684761315 -0.097030971106379 -1.84495050677175
8.62039946067989 -0.173563194033973 -1.79745075944042
8.66272479276287 -0.248464971987344 -1.73427811230595
8.70577984012118 -0.321592875579751 -1.65530471081596
8.74993024643535 -0.392731628988403 -1.56014040956267
8.79559241027322 -0.461569472009712 -1.4480971082333
8.84326461295079 -0.5276617541817 -1.31811719323601
8.89357489195124 -0.590373413797959 -1.16864410456924
8.94736199562894 -0.648782578770397 -0.997386563451868
9.00582798221207 -0.701506158239689 -0.800859477956079
9.0700644292319 -0.745879951624142 -0.576243531282905
9.13661341611998 -0.776395760805466 -0.338163399998857
9.20381637145794 -0.791018977134754 -0.0963491070579331
9.27110769122906 -0.789398370676906 0.143255607294836
9.33848395465486 -0.771770710228742 0.376862958535442
9.40621522764494 -0.738462998964677 0.601600043275799
9.4747223625209 -0.689703894609855 0.814720411537043
9.5445522899627 -0.625551669669627 1.01309868998752
9.61163113856841 -0.55157724007363 1.1816434978519
9.67406364817187 -0.473273553914281 1.31573448912307
9.73191409864125 -0.393894581692099 1.41784021576105
9.78594116248917 -0.315009541594814 1.49216575505302
9.83701512532705 -0.237264783531395 1.54254231727565
9.88591784108527 -0.160886133597154 1.57191656899764
9.93330413450595 -0.0859407759286689 1.5824004411553
9.97971846729882 -0.0124585500798337 1.57544731793186
10 0.0194257419795781 1.56711952461764
