0.1 -0.508755837489095 -0.127431306275764 -0.0566436124639736
0.2 -1.96312296452323 -0.504950499853929 -0.22567034678022
0.3 -3.90444049791932 -1.0937768491881 -0.498851617851514
0.4 -5.62739449542702 -1.78523490633597 -0.849080535142873
0.5 -6.8632407687577 -2.44224339807182 -1.228235308825
0.6 -7.69724247913418 -2.98577575999005 -1.58690936188761
0.7 -8.26330572625163 -3.40596540937857 -1.89610832642864
0.8 -8.65764707575189 -3.72369960368505 -2.14908331368763
0.9 -8.94060570429957 -3.96414904650924 -2.35132143715879
1 -9.149384217774 -4.14805788623243 -2.51204277372079
1.1 -9.30730985655988 -4.2907319898295 -2.6401742491225
1.2 -9.42940132119322 -4.40307976701544 -2.74309792342016
1.3 -9.52560223536119 -4.49283196784674 -2.82655438177231
1.4 -9.60267425269505 -4.56550357394747 -2.89490276681705
1.5 -9.6653295819222 -4.62507534190589 -2.95143177659807
1.6 -9.71692603329312 -4.67446018098412 -2.99862747437683
1.7 -9.75990474645588 -4.71581984936357 -3.03838093058369
1.8 -9.7960727593547 -4.75078090372829 -3.07214259537415
1.9 -9.82678966892403 -4.78058336998222 -3.10103521350696
2 -9.85309358563009 -4.80618433208284 -3.12593608417643
2.1 -9.87578780002836 -4.82833104748311 -3.14753712688678
2.2 -9.89550149291663 -4.84761323094169 -3.16638899088525
2.3 -9.91273296678473 -4.86450092165334 -3.1829336889543
2.4 -9.92788089838437 -4.87937224705476 -3.19752894269052
2.5 -9.94126724723191 -4.89253401769844 -3.21046650249553
2.6 -9.95315426402816 -4.90423717373967 -3.22198605406523
2.7 -9.96375726878026 -4.91468849118451 -3.23228586548152
2.8 -9.9732543565312 -4.92405954086901 -3.24153100697728
2.9 -9.98179384481216 -4.93249360836721 -3.24985974785754
3 -9.98950004262668 -4.94011108544809 -3.25738857323751
3.1 -9.99647775889077 -4.94701370508684 -3.26421614738535
3.2 -10.0028158549644 -4.95328789373828 -3.27042646685962
3.3 -10.0085900656747 -4.95900744415581 -3.27609138584976
3.4 -10.0138652557639 -4.96423566108363 -3.28127265158897
3.5 -10.0186972370981 -4.96902709493664 -3.28602355482138
3.6 -10.0231342415658 -4.9734289511592 -3.29039027583498
3.7 -10.0272181221526 -4.97748224257539 -3.29441298823218
3.8 -10.0309853379763 -4.98122273677411 -3.29812676876476
3.9 -10.0344677665265 -4.98468173904546 -3.30156235103716
4 -10.0376933768617 -4.98788674261685 -3.30474675283004
4.1 -10.0406867902882 -4.99086197122275 -3.3077038005958
4.2 -10.043469749489 -4.9936288338643 -3.31045456987375
4.3 -10.0460615127807 -4.99620630759782 -3.31301775662824
4.4 -10.0484791868373 -4.99861126105513 -3.31540999157818
4.5 -10.0507380086075 -5.00085872893564 -3.31764610727375
4.6 -10.0528515850955 -5.00296214576616 -3.31973936584254
4.7 -10.0548320980447 -5.0049335456806 -3.32170165386985
4.8 -10.0566904792728 -5.00678373374027 -3.32354364970859
4.9 -10.0584365613662 -5.0085224333284 -3.32527496757697
5 -10.0600792076102 -5.01015841335695 -3.32690428204373
5.1 -10.0616264243607 -5.01169959838052 -3.328439435863
5.2 -10.063085458515 -5.0131531641891 -3.32988753378833
5.3 -10.0644628822967 -5.01452562102481 -3.33125502406669
5.4 -10.0657646672065 -5.01582288621827 -3.33254776987152
5.5 -10.0669962486911 -5.01705034775257 -3.3337711117327
5.6 -10.0681625828381 -5.01821292002568 -3.33492992236711
5.7 -10.0692681962 -5.01931509288559 -3.33602865492522
5.8 -10.0703172296825 -5.02036097484886 -3.33707138554016
5.9 -10.0713134772913 -5.0213543312771 -3.33806180634014
5.99999999999999 -10.0722604204143 -5.02229861817278 -3.33900344274288
