2 -0.0866033599676486 2.68419903093542 5.73573766236557
3 -0.388075124628417 1.01338975967794 2.99488691647681
4 -0.452350092954856 0.402896767248198 1.6517591990927
5 -0.467582237398361 0.140716075602679 0.972251767498106
6 -0.471144476218211 0.0157764965399132 0.598456927805784
7 -0.471932143715335 -0.0477830039654714 0.377797827668391
8 -0.47209603405795 -0.0815469305114975 0.240236090571412
9 -0.472128426578276 -0.100009466614776 0.150805500131729
10 -0.472134576662476 -0.110282789102044 0.0907465049671671
11 -0.472135708503208 -0.116041265699156 0.0493825091435685
12 -0.472135911748241 -0.119263881033626 0.0203348638172922
13 -0.472135947529035 -0.121051077142837 -0.000365941610568212
14 -0.472135953726211 -0.122027617379779 -0.0152784243136685
15 -0.47213595478497 -0.12255126435224 -0.0261028375890347
16 -0.472135954963761 -0.122826216752222 -0.033999203264026
17 -0.472135954993652 -0.122967486971651 -0.0397764708728265
18 -0.472135954998606 -0.123038547527307 -0.0440086499809626
19 -0.47213595499942 -0.12307358505522 -0.0471084642435804
20 -0.472135954999553 -0.123090547189646 -0.0493756113805984
21 -0.472135954999576 -0.123098623988352 -0.0510293348297961
22 -0.472135954999578 -0.123102413274668 -0.0522309371260204
23 -0.472135954999579 -0.123104167642427 -0.0530996122623088
24 -0.472135954999579 -0.123104970312523 -0.053723714303285
25 -0.472135954999579 -0.123105333672111 -0.0541688501804017
26 -0.47213595499958 -0.123105496593161 -0.0544837390112878
27 -0.47213595499958 -0.123105569012395 -0.0547044915766088
28 -0.47213595499958 -0.123105600950445 -0.0548577672920205
29 -0.472135954999579 -0.123105614934637 -0.0549631284989084
30 -0.472135954999579 -0.12310562101738 -0.0550348145274926
31 -0.472135954999579 -0.12310562364718 -0.0550830894977823
32 -0.472135954999579 -0.123105624777774 -0.0551152706390606
33 -0.472135954999579 -0.123105625261313 -0.0551365123317928
34 -0.47213595499958 -0.123105625467116 -0.0551504005123769
35 -0.472135954999579 -0.123105625554316 -0.0551593988138962
36 -0.472135954999579 -0.123105625591108 -0.0551651790120238
37 -0.472135954999577 -0.123105625606569 -0.0551688620587351
38 -0.47213595499958 -0.123105625613044 -0.0551711910542067
39 -0.472135954999579 -0.123105625615745 -0.0551726533496141
40 -0.472135954999579 -0.123105625616869 -0.055173565370053
41 -0.472135954999579 -0.123105625617334 -0.0551741306486877
42 -0.472135954999579 -0.123105625617526 -0.0551744789710447
43 -0.47213595499958 -0.123105625617606 -0.0551746924326165
44 -0.472135954999579 -0.123105625617639 -0.055174822576395
45 -0.472135954999577 -0.123105625617651 -0.0551749015398259
46 -0.472135954999579 -0.123105625617656 -0.0551749492322833
47 -0.472135954999578 -0.123105625617659 -0.0551749779140839
48 -0.472135954999578 -0.12310562561766 -0.0551749950931132
49 -0.472135954999581 -0.12310562561766 -0.0551750053430342
