-3 -1.00558976797901
-2.9375 -1.00478046101133
-2.875 -1.00404064947191
-2.8125 -0.999908290104729
-2.75 -0.999876967771357
-2.6875 -0.999833283512348
-2.625 -0.999772538500662
-2.5625 -0.99968846166087
-2.5 -0.999572768883691
-2.4375 -0.999414626561701
-2.375 -0.999200007389081
-2.3125 -0.998989018733642
-2.25 -0.998590830898226
-2.1875 -0.9980677989265
-2.125 -0.997384200138324
-2.0625 -0.99649600493601
-2 -0.995349502997208
-1.9375 -0.993879854812365
-1.875 -0.99200961026537
-1.8125 -0.98966874935224
-1.75 -0.986704871971583
-1.6875 -0.983018300275019
-1.625 -0.97844940869043
-1.5625 -0.972879340492237
-1.5 -0.971740145000712
-1.4375 -0.962053290009255
-1.375 -0.948171921625316
-1.3125 -0.93656959461505
-1.25 -0.922900440367081
-1.1875 -0.907012505998862
-1.125 -0.888453832335261
-1.0625 -0.867103380456493
-1 -0.842729958487199
-0.9375 -0.815119763808431
-0.875 -0.78405828657033
-0.8125 -0.749449220513359
-0.75 -0.711143395668304
-0.6875 -0.669075169193181
-0.625 -0.623233983936084
-0.5625 -0.573669787665262
-0.5 -0.520496962242239
-0.4375 -0.463870576976204
-0.375 -0.404103149963997
-0.3125 -0.341462747062812
-0.25 -0.27632436247415
-0.1875 -0.209117177158133
-0.125 -0.140316137175334
-0.0625 -0.0704319755749729
0 0
0.0625 0.0704319755749729
0.125 0.140316137175334
0.1875 0.209117177158133
0.25 0.27632436247415
0.3125 0.341462747062812
0.375 0.404103149963997
0.4375 0.463870576976204
0.5 0.520496962242239
0.5625 0.573669787665262
0.625 0.623233983936084
0.6875 0.669075169193181
0.75 0.711143395668304
0.8125 0.749449220513359
0.875 0.78405828657033
0.9375 0.815119763808431
1 0.842729958487199
1.0625 0.867103380456493
1.125 0.888453832335261
1.1875 0.907012505998862
1.25 0.922900440367081
1.3125 0.93656959461505
1.375 0.948171921625316
1.4375 0.962053290009255
1.5 0.971740145000712
1.5625 0.972879340492237
1.625 0.97844940869043
1.6875 0.983018300275019
1.75 0.986704871971583
1.8125 0.98966874935224
1.875 0.99200961026537
1.9375 0.993879854812365
2 0.995349502997208
2.0625 0.99649600493601
2.125 0.997384200138324
2.1875 0.9980677989265
2.25 0.998590830898226
2.3125 0.998989018733642
2.375 0.999200007389081
2.4375 0.999414626561701
2.5 0.999572768883691
2.5625 0.99968846166087
2.625 0.999772538500662
2.6875 0.999833283512348
2.75 0.999876967771357
2.8125 0.999908290104729
2.875 1.00404064947191
2.9375 1.00478046101133
3 1.00558976797901
3.0625 1.00647243888631
3.125 0.999988929173843
3.1875 0.999995184315465
3.25 0.9999953324959
3.3125 1.00000021692536
3.375 1.00000474039625
3.4375 1.00000905072605
3.5 0.999994195654403
3.5625 0.999997110056824
3.625 1.00000004755253
3.6875 1.00000305208029
3.75 1.00000615873111
3.8125 1.00000939676617
3.875 0.999891163378635
3.9375 0.999895872081846


-3 -0.99998
-2 -0.99532
-1 -0.8427
0 0
1 0.8427
2 0.99532
3 0.99998
