-2 -0.995322139581219
-1.875 -0.99198997276661
-1.75 -0.986671652155294
-1.625 -0.978443791119842
-1.5 -0.966105266402972
-1.375 -0.948170209967293
-1.25 -0.922900219942947
-1.125 -0.888388226979099
-1 -0.84270068974759
-0.875 -0.784074925009414
-0.75 -0.711155569636656
-0.625 -0.623240952417462
-0.5 -0.520500016304747
-0.375 -0.40411694412452
-0.25 -0.276326261353527
-0.125 -0.140316192477912
0 9.99999971718069E-10
0.125 0.140316192477912
0.25 0.276326261353527
0.375 0.40411694412452
0.5 0.520500016304747
0.625 0.623240952417462
0.75 0.711155569636656
0.875 0.784074925009414
1 0.84270068974759
1.125 0.888388226979099
1.25 0.922900219942947
1.375 0.948170209967293
1.5 0.966105266402972
1.625 0.978443791119842
1.75 0.986671652155294
1.875 0.99198997276661
2 0.995322139581219
-2 6.41326276713154E+15
-1.875 4.59211681566359
-1.75 2.76236947415981
-1.625 2.33396795369476
-1.5 2.36327182095042
-1.375 2.78209718476
-1.25 3.92133348530064
-1.125 7.74863906522714
-1 -2.56530510685262E+16
-0.875 -8.61021902936924
-0.75 -4.83414657977967
-0.625 -3.79269792475399
-0.5 -3.54490773142563
-0.375 -3.825383629045
-0.25 -4.9016668566258
-0.125 -8.71721894838053
0.125 7.53394152188078
0.25 3.62560987363124
0.375 2.37043616326337
0.5 1.77245383609822
0.625 1.43451883686183
0.75 1.22541669347033
0.875 1.0896523499164
1 0.999999989064903
1.125 0.941742690235098
1.25 0.906402468407809
1.375 0.888913561223765
1.5 0.886226918049109
1.625 0.896574273038643
1.75 0.919062520102744
1.875 0.953445806176854
2 0.999999989064903
