1 1
2 4
3 9
4 16
5 25


0 -2 3 0.5
0.015625 -1.953125 3 0.4691162109375
0.03125 -1.90625 3 0.43896484375
0.046875 -1.859375 3 0.4095458984375
0.0625 -1.8125 3 0.380859375
0.078125 -1.765625 3 0.3529052734375
0.09375 -1.71875 3 0.32568359375
0.109375 -1.671875 3 0.2991943359375
0.125 -1.625 3 0.2734375
0.140625 -1.578125 3 0.2484130859375
0.15625 -1.53125 3 0.22412109375
0.171875 -1.484375 3 0.2005615234375
0.1875 -1.4375 3 0.177734375
0.203125 -1.390625 3 0.1556396484375
0.21875 -1.34375 3 0.13427734375
0.234375 -1.296875 3 0.1136474609375
0.25 -1.25 3 0.09375
0.265625 -1.203125 3 0.0745849609375
0.28125 -1.15625 3 0.05615234375
0.296875 -1.109375 3 0.0384521484375
0.3125 -1.0625 3 0.021484375
0.328125 -1.015625 3 0.0052490234375
0.34375 -0.96875 3 -0.01025390625
0.359375 -0.921875 3 -0.0250244140625
0.375 -0.875 3 -0.0390625
0.390625 -0.828125 3 -0.0523681640625
0.40625 -0.78125 3 -0.06494140625
0.421875 -0.734375 3 -0.0767822265625
0.4375 -0.6875 3 -0.087890625
0.453125 -0.640625 3 -0.0982666015625
0.46875 -0.59375 3 -0.10791015625
0.484375 -0.546875 3 -0.1168212890625
0.5 -0.5 3 -0.125
0.515625 -0.453125 3 -0.1324462890625
0.53125 -0.40625 3 -0.13916015625
0.546875 -0.359375 3 -0.1451416015625
0.5625 -0.3125 3 -0.150390625
0.578125 -0.265625 3 -0.1549072265625
0.59375 -0.21875 3 -0.15869140625
0.609375 -0.171875 3 -0.1617431640625
0.625 -0.125 3 -0.1640625
0.640625 -0.078125 3 -0.1656494140625
0.65625 -0.03125 3 -0.16650390625
0.671875 0.015625 3 -0.1666259765625
0.6875 0.0625 3 -0.166015625
0.703125 0.109375 3 -0.1646728515625
0.71875 0.15625 3 -0.16259765625
0.734375 0.203125 3 -0.1597900390625
0.75 0.25 3 -0.15625
0.765625 0.296875 3 -0.1519775390625
0.78125 0.34375 3 -0.14697265625
0.796875 0.390625 3 -0.1412353515625
0.8125 0.4375 3 -0.134765625
0.828125 0.484375 3 -0.1275634765625
0.84375 0.53125 3 -0.11962890625
0.859375 0.578125 3 -0.1109619140625
0.875 0.625 3 -0.1015625
0.890625 0.671875 3 -0.0914306640625
0.90625 0.71875 3 -0.08056640625
0.921875 0.765625 3 -0.0689697265625
0.9375 0.8125 3 -0.056640625
0.953125 0.859375 3 -0.0435791015625
0.96875 0.90625 3 -0.02978515625
0.984375 0.953125 3 -0.0152587890625
1 1 3 0
1.015625 1.046875 3 0.0159912109375
1.03125 1.09375 3 0.03271484375
1.046875 1.140625 3 0.0501708984375
1.0625 1.1875 3 0.068359375
1.078125 1.234375 3 0.0872802734375
1.09375 1.28125 3 0.10693359375
1.109375 1.328125 3 0.1273193359375
1.125 1.375 3 0.1484375
1.140625 1.421875 3 0.1702880859375
1.15625 1.46875 3 0.19287109375
1.171875 1.515625 3 0.2161865234375
1.1875 1.5625 3 0.240234375
1.203125 1.609375 3 0.2650146484375
1.21875 1.65625 3 0.29052734375
1.234375 1.703125 3 0.3167724609375
1.25 1.75 3 0.34375
1.265625 1.796875 3 0.3714599609375
1.28125 1.84375 3 0.39990234375
1.296875 1.890625 3 0.4290771484375
1.3125 1.9375 3 0.458984375
1.328125 1.984375 3 0.4896240234375
1.34375 2.03125 3 0.52099609375
1.359375 2.078125 3 0.5531005859375
1.375 2.125 3 0.5859375
1.390625 2.171875 3 0.6195068359375
1.40625 2.21875 3 0.65380859375
1.421875 2.265625 3 0.6888427734375
1.4375 2.3125 3 0.724609375
1.453125 2.359375 3 0.7611083984375
1.46875 2.40625 3 0.79833984375
1.484375 2.453125 3 0.8363037109375
1.5 2.5 3 0.875
1.515625 2.546875 3 0.9144287109375
1.53125 2.59375 3 0.95458984375
1.546875 2.640625 3 0.9954833984375
1.5625 2.6875 3 1.037109375
1.578125 2.734375 3 1.0794677734375
1.59375 2.78125 3 1.12255859375
1.609375 2.828125 3 1.1663818359375
1.625 2.875 3 1.2109375
1.640625 2.921875 3 1.2562255859375
1.65625 2.96875 3 1.30224609375
1.671875 3.015625 3 1.3489990234375
1.6875 3.0625 3 1.396484375
1.703125 3.109375 3 1.4447021484375
1.71875 3.15625 3 1.49365234375
1.734375 3.203125 3 1.5433349609375
1.75 3.25 3 1.59375
1.765625 3.296875 3 1.6448974609375
1.78125 3.34375 3 1.69677734375
1.796875 3.390625 3 1.7493896484375
1.8125 3.4375 3 1.802734375
1.828125 3.484375 3 1.8568115234375
1.84375 3.53125 3 1.91162109375
1.859375 3.578125 3 1.9671630859375
1.875 3.625 3 2.0234375
1.890625 3.671875 3 2.0804443359375
1.90625 3.71875 3 2.13818359375
1.921875 3.765625 3 2.1966552734375
1.9375 3.8125 3 2.255859375
1.953125 3.859375 3 2.3157958984375
1.96875 3.90625 3 2.37646484375
1.984375 3.953125 3 2.4378662109375
2 4 3 2.5
2.015625 4.04736328125 3.0625 2.56286875406901
2.03125 4.095703125 3.125 2.62648518880208
2.046875 4.14501953125 3.1875 2.69086456298828
2.0625 4.1953125 3.25 2.75602213541667
2.078125 4.24658203125 3.3125 2.8219731648763
2.09375 4.298828125 3.375 2.88873291015625
2.109375 4.35205078125 3.4375 2.95631663004557
2.125 4.40625 3.5 3.02473958333333
2.140625 4.46142578125 3.5625 3.09401702880859
2.15625 4.517578125 3.625 3.16416422526042
2.171875 4.57470703125 3.6875 3.23519643147786
2.1875 4.6328125 3.75 3.30712890625
2.203125 4.69189453125 3.8125 3.37997690836589
2.21875 4.751953125 3.875 3.45375569661458
2.234375 4.81298828125 3.9375 3.52848052978516
2.25 4.875 4 3.60416666666667
2.265625 4.93798828125 4.0625 3.68082936604818
2.28125 5.001953125 4.125 3.75848388671875
2.296875 5.06689453125 4.1875 3.83714548746745
2.3125 5.1328125 4.25 3.91682942708333
2.328125 5.19970703125 4.3125 3.99755096435547
2.34375 5.267578125 4.375 4.07932535807292
2.359375 5.33642578125 4.4375 4.16216786702474
2.375 5.40625 4.5 4.24609375
2.390625 5.47705078125 4.5625 4.33111826578776
2.40625 5.548828125 4.625 4.41725667317708
2.421875 5.62158203125 4.6875 4.50452423095703
2.4375 5.6953125 4.75 4.59293619791667
2.453125 5.77001953125 4.8125 4.68250783284505
2.46875 5.845703125 4.875 4.77325439453125
2.484375 5.92236328125 4.9375 4.86519114176432
2.5 6 5 4.95833333333333
2.515625 6.07861328125 5.0625 5.05269622802734
2.53125 6.158203125 5.125 5.14829508463542
2.546875 6.23876953125 5.1875 5.24514516194662
2.5625 6.3203125 5.25 5.34326171875
2.578125 6.40283203125 5.3125 5.44266001383463
2.59375 6.486328125 5.375 5.54335530598958
2.609375 6.57080078125 5.4375 5.64536285400391
2.625 6.65625 5.5 5.74869791666667
2.640625 6.74267578125 5.5625 5.85337575276693
2.65625 6.830078125 5.625 5.95941162109375
2.671875 6.91845703125 5.6875 6.0668207804362
2.6875 7.0078125 5.75 6.17561848958333
2.703125 7.09814453125 5.8125 6.28582000732422
2.71875 7.189453125 5.875 6.39744059244792
2.734375 7.28173828125 5.9375 6.51049550374349
2.75 7.375 6 6.625
2.765625 7.46923828125 6.0625 6.74096934000651
2.78125 7.564453125 6.125 6.85841878255208
2.796875 7.66064453125 6.1875 6.97736358642578
2.8125 7.7578125 6.25 7.09781901041667
2.828125 7.85595703125 6.3125 7.2198003133138
2.84375 7.955078125 6.375 7.34332275390625
2.859375 8.05517578125 6.4375 7.46840159098307
2.875 8.15625 6.5 7.59505208333333
2.890625 8.25830078125 6.5625 7.72328948974609
2.90625 8.361328125 6.625 7.85312906901042
2.921875 8.46533203125 6.6875 7.98458607991536
2.9375 8.5703125 6.75 8.11767578125
2.953125 8.67626953125 6.8125 8.25241343180339
2.96875 8.783203125 6.875 8.38881429036458
2.984375 8.89111328125 6.9375 8.52689361572266
3 9 7 8.66666666666667
3.015625 9.109375 7 8.80814615885417
3.03125 9.21875 7 8.95133463541667
3.046875 9.328125 7 9.09623209635417
3.0625 9.4375 7 9.24283854166667
3.078125 9.546875 7 9.39115397135417
3.09375 9.65625 7 9.54117838541667
3.109375 9.765625 7 9.69291178385417
3.125 9.875 7 9.84635416666667
3.140625 9.984375 7 10.0015055338542
3.15625 10.09375 7 10.1583658854167
3.171875 10.203125 7 10.3169352213542
3.1875 10.3125 7 10.4772135416667
3.203125 10.421875 7 10.6392008463542
3.21875 10.53125 7 10.8028971354167
3.234375 10.640625 7 10.9683024088542
3.25 10.75 7 11.1354166666667
3.265625 10.859375 7 11.3042399088542
3.28125 10.96875 7 11.4747721354167
3.296875 11.078125 7 11.6470133463542
3.3125 11.1875 7 11.8209635416667
3.328125 11.296875 7 11.9966227213542
3.34375 11.40625 7 12.1739908854167
3.359375 11.515625 7 12.3530680338542
3.375 11.625 7 12.5338541666667
3.390625 11.734375 7 12.7163492838542
3.40625 11.84375 7 12.9005533854167
3.421875 11.953125 7 13.0864664713542
3.4375 12.0625 7 13.2740885416667
3.453125 12.171875 7 13.4634195963542
3.46875 12.28125 7 13.6544596354167
3.484375 12.390625 7 13.8472086588542
3.5 12.5 7 14.0416666666667
3.515625 12.609375 7 14.2378336588542
3.53125 12.71875 7 14.4357096354167
3.546875 12.828125 7 14.6352945963542
3.5625 12.9375 7 14.8365885416667
3.578125 13.046875 7 15.0395914713542
3.59375 13.15625 7 15.2443033854167
3.609375 13.265625 7 15.4507242838542
3.625 13.375 7 15.6588541666667
3.640625 13.484375 7 15.8686930338542
3.65625 13.59375 7 16.0802408854167
3.671875 13.703125 7 16.2934977213542
3.6875 13.8125 7 16.5084635416667
3.703125 13.921875 7 16.7251383463542
3.71875 14.03125 7 16.9435221354167
3.734375 14.140625 7 17.1636149088542
3.75 14.25 7 17.3854166666667
3.765625 14.359375 7 17.6089274088542
3.78125 14.46875 7 17.8341471354167
3.796875 14.578125 7 18.0610758463542
3.8125 14.6875 7 18.2897135416667
3.828125 14.796875 7 18.5200602213542
3.84375 14.90625 7 18.7521158854167
3.859375 15.015625 7 18.9858805338542
3.875 15.125 7 19.2213541666667
3.890625 15.234375 7 19.4585367838542
3.90625 15.34375 7 19.6974283854167
3.921875 15.453125 7 19.9380289713542
3.9375 15.5625 7 20.1803385416667
3.953125 15.671875 7 20.4243570963542
3.96875 15.78125 7 20.6700846354167
3.984375 15.890625 7 20.9175211588542
4 16 7 21.1666666666667
4.015625 16.10986328125 7.0625 21.4175237019857
4.03125 16.220703125 7.125 21.6701049804688
4.046875 16.33251953125 7.1875 21.9244257609049
4.0625 16.4453125 7.25 22.1805013020833
4.078125 16.55908203125 7.3125 22.438346862793
4.09375 16.673828125 7.375 22.6979777018229
4.109375 16.78955078125 7.4375 22.9594090779622
4.125 16.90625 7.5 23.22265625
4.140625 17.02392578125 7.5625 23.4877344767253
4.15625 17.142578125 7.625 23.7546590169271
4.171875 17.26220703125 7.6875 24.0234451293945
4.1875 17.3828125 7.75 24.2941080729167
4.203125 17.50439453125 7.8125 24.5666631062826
4.21875 17.626953125 7.875 24.8411254882813
4.234375 17.75048828125 7.9375 25.1175104777018
4.25 17.875 8 25.3958333333333
4.265625 18.00048828125 8.0625 25.6761093139648
4.28125 18.126953125 8.125 25.9583536783854
4.296875 18.25439453125 8.1875 26.2425816853841
4.3125 18.3828125 8.25 26.52880859375
4.328125 18.51220703125 8.3125 26.8170496622721
4.34375 18.642578125 8.375 27.1073201497396
4.359375 18.77392578125 8.4375 27.3996353149414
4.375 18.90625 8.5 27.6940104166667
4.390625 19.03955078125 8.5625 27.9904607137044
4.40625 19.173828125 8.625 28.2890014648438
4.421875 19.30908203125 8.6875 28.5896479288737
4.4375 19.4453125 8.75 28.8924153645833
4.453125 19.58251953125 8.8125 29.1973190307617
4.46875 19.720703125 8.875 29.5043741861979
4.484375 19.85986328125 8.9375 29.813596089681
4.5 20 9 30.125
4.515625 20.14111328125 9.0625 30.438601175944
4.53125 20.283203125 9.125 30.7544148763021
4.546875 20.42626953125 9.1875 31.0724563598633
4.5625 20.5703125 9.25 31.3927408854167
4.578125 20.71533203125 9.3125 31.7152837117513
4.59375 20.861328125 9.375 32.0401000976563
4.609375 21.00830078125 9.4375 32.3672053019206
4.625 21.15625 9.5 32.6966145833333
4.640625 21.30517578125 9.5625 33.0283432006836
4.65625 21.455078125 9.625 33.3624064127604
4.671875 21.60595703125 9.6875 33.6988194783529
4.6875 21.7578125 9.75 34.03759765625
4.703125 21.91064453125 9.8125 34.3787562052409
4.71875 22.064453125 9.875 34.7223103841146
4.734375 22.21923828125 9.9375 35.0682754516602
4.75 22.375 10 35.4166666666667
4.765625 22.53173828125 10.0625 35.7674992879232
4.78125 22.689453125 10.125 36.1207885742188
4.796875 22.84814453125 10.1875 36.4765497843425
4.8125 23.0078125 10.25 36.8347981770833
4.828125 23.16845703125 10.3125 37.1955490112305
4.84375 23.330078125 10.375 37.5588175455729
4.859375 23.49267578125 10.4375 37.9246190388997
4.875 23.65625 10.5 38.29296875
4.890625 23.82080078125 10.5625 38.6638819376628
4.90625 23.986328125 10.625 39.0373738606771
4.921875 24.15283203125 10.6875 39.413459777832
4.9375 24.3203125 10.75 39.7921549479167
4.953125 24.48876953125 10.8125 40.1734746297201
4.96875 24.658203125 10.875 40.5574340820313
4.984375 24.82861328125 10.9375 40.9440485636393
5 25 11 41.3333333333333
5.015625 25.17236328125 11.0625 41.7253036499023
5.03125 25.345703125 11.125 42.1199747721354
5.046875 25.52001953125 11.1875 42.5173619588216
5.0625 25.6953125 11.25 42.91748046875
5.078125 25.87158203125 11.3125 43.3203455607096
5.09375 26.048828125 11.375 43.7259724934896
5.109375 26.22705078125 11.4375 44.1343765258789
5.125 26.40625 11.5 44.5455729166667
5.140625 26.58642578125 11.5625 44.9595769246419
5.15625 26.767578125 11.625 45.3764038085938
5.171875 26.94970703125 11.6875 45.7960688273112
5.1875 27.1328125 11.75 46.2185872395833
5.203125 27.31689453125 11.8125 46.6439743041992
5.21875 27.501953125 11.875 47.0722452799479
5.234375 27.68798828125 11.9375 47.5034154256185
5.25 27.875 12 47.9375
5.265625 28.06298828125 12.0625 48.3745142618815
5.28125 28.251953125 12.125 48.8144734700521
5.296875 28.44189453125 12.1875 49.2573928833008
5.3125 28.6328125 12.25 49.7032877604167
5.328125 28.82470703125 12.3125 50.1521733601888
5.34375 29.017578125 12.375 50.6040649414063
5.359375 29.21142578125 12.4375 51.0589777628581
5.375 29.40625 12.5 51.5169270833333
5.390625 29.60205078125 12.5625 51.9779281616211
5.40625 29.798828125 12.625 52.4419962565104
5.421875 29.99658203125 12.6875 52.9091466267904
5.4375 30.1953125 12.75 53.37939453125
5.453125 30.39501953125 12.8125 53.8527552286784
5.46875 30.595703125 12.875 54.3292439778646
5.484375 30.79736328125 12.9375 54.8088760375977
5.5 31 13 55.2916666666667
5.515625 31.20361328125 13.0625 55.7776311238607
5.53125 31.408203125 13.125 56.2667846679688
5.546875 31.61376953125 13.1875 56.75914255778
5.5625 31.8203125 13.25 57.2547200520833
5.578125 32.02783203125 13.3125 57.753532409668
5.59375 32.236328125 13.375 58.2555948893229
5.609375 32.44580078125 13.4375 58.7609227498372
5.625 32.65625 13.5 59.26953125
5.640625 32.86767578125 13.5625 59.7814356486003
5.65625 33.080078125 13.625 60.2966512044271
5.671875 33.29345703125 13.6875 60.8151931762695
5.6875 33.5078125 13.75 61.3370768229167
5.703125 33.72314453125 13.8125 61.8623174031575
5.71875 33.939453125 13.875 62.3909301757813
5.734375 34.15673828125 13.9375 62.9229303995768
5.75 34.375 14 63.4583333333333
5.765625 34.59423828125 14.0625 63.9971542358398
5.78125 34.814453125 14.125 64.5394083658854
5.796875 35.03564453125 14.1875 65.0851109822591
5.8125 35.2578125 14.25 65.63427734375
5.828125 35.48095703125 14.3125 66.1869227091471
5.84375 35.705078125 14.375 66.7430623372396
5.859375 35.93017578125 14.4375 67.3027114868164
5.875 36.15625 14.5 67.8658854166667
5.890625 36.38330078125 14.5625 68.4325993855794
5.90625 36.611328125 14.625 69.0028686523438
5.921875 36.84033203125 14.6875 69.5767084757487
5.9375 37.0703125 14.75 70.1541341145833
5.953125 37.30126953125 14.8125 70.7351608276367
5.96875 37.533203125 14.875 71.3198038736979
5.984375 37.76611328125 14.9375 71.908078511556
6 38 15 72.5
6.015625 38.23486328125 15.0625 73.095583597819
6.03125 38.470703125 15.125 73.6948445638021
6.046875 38.70751953125 15.1875 74.2977981567383
6.0625 38.9453125 15.25 74.9044596354167
6.078125 39.18408203125 15.3125 75.5148442586263
6.09375 39.423828125 15.375 76.1289672851563
6.109375 39.66455078125 15.4375 76.7468439737956
6.125 39.90625 15.5 77.3684895833333
6.140625 40.14892578125 15.5625 77.9939193725586
6.15625 40.392578125 15.625 78.6231486002604
6.171875 40.63720703125 15.6875 79.2561925252279
6.1875 40.8828125 15.75 79.89306640625
6.203125 41.12939453125 15.8125 80.5337855021159
6.21875 41.376953125 15.875 81.1783650716146
6.234375 41.62548828125 15.9375 81.8268203735352
6.25 41.875 16 82.4791666666667
6.265625 42.12548828125 16.0625 83.1354192097982
6.28125 42.376953125 16.125 83.7955932617188
6.296875 42.62939453125 16.1875 84.4597040812175
6.3125 42.8828125 16.25 85.1277669270833
6.328125 43.13720703125 16.3125 85.7997970581055
6.34375 43.392578125 16.375 86.4758097330729
6.359375 43.64892578125 16.4375 87.1558202107747
6.375 43.90625 16.5 87.83984375
6.390625 44.16455078125 16.5625 88.5278956095378
6.40625 44.423828125 16.625 89.2199910481771
6.421875 44.68408203125 16.6875 89.916145324707
6.4375 44.9453125 16.75 90.6163736979167
6.453125 45.20751953125 16.8125 91.3206914265951
6.46875 45.470703125 16.875 92.0291137695313
6.484375 45.73486328125 16.9375 92.7416559855143
6.5 46 17 93.4583333333333
6.515625 46.26611328125 17.0625 94.1791610717773
6.53125 46.533203125 17.125 94.9041544596354
6.546875 46.80126953125 17.1875 95.6333287556966
6.5625 47.0703125 17.25 96.36669921875
6.578125 47.34033203125 17.3125 97.1042811075846
6.59375 47.611328125 17.375 97.8460896809896
6.609375 47.88330078125 17.4375 98.5921401977539
6.625 48.15625 17.5 99.3424479166667
6.640625 48.43017578125 17.5625 100.097028096517
6.65625 48.705078125 17.625 100.855895996094
6.671875 48.98095703125 17.6875 101.619066874186
6.6875 49.2578125 17.75 102.386555989583
6.703125 49.53564453125 17.8125 103.158378601074
6.71875 49.814453125 17.875 103.934549967448
6.734375 50.09423828125 17.9375 104.715085347493
6.75 50.375 18 105.5
6.765625 50.65673828125 18.0625 106.289309183757
6.78125 50.939453125 18.125 107.083028157552
6.796875 51.22314453125 18.1875 107.881172180176
6.8125 51.5078125 18.25 108.683756510417
6.828125 51.79345703125 18.3125 109.490796407064
6.84375 52.080078125 18.375 110.302307128906
6.859375 52.36767578125 18.4375 111.118303934733
6.875 52.65625 18.5 111.938802083333
6.890625 52.94580078125 18.5625 112.763816833496
6.90625 53.236328125 18.625 113.59336344401
6.921875 53.52783203125 18.6875 114.427457173665
6.9375 53.8203125 18.75 115.26611328125
6.953125 54.11376953125 18.8125 116.109347025553
6.96875 54.408203125 18.875 116.957173665365
6.984375 54.70361328125 18.9375 117.809608459473
7 55 19 118.666666666667
7.015625 55.29736328125 19.0625 119.528363545736
7.03125 55.595703125 19.125 120.394714355469
7.046875 55.89501953125 19.1875 121.265734354655
7.0625 56.1953125 19.25 122.141438802083
7.078125 56.49658203125 19.3125 123.021842956543
7.09375 56.798828125 19.375 123.906962076823
7.109375 57.10205078125 19.4375 124.796811421712
7.125 57.40625 19.5 125.69140625
7.140625 57.71142578125 19.5625 126.590761820475
7.15625 58.017578125 19.625 127.494893391927
7.171875 58.32470703125 19.6875 128.403816223145
7.1875 58.6328125 19.75 129.317545572917
7.203125 58.94189453125 19.8125 130.236096700033
7.21875 59.251953125 19.875 131.159484863281
7.234375 59.56298828125 19.9375 132.087725321452
7.25 59.875 20 133.020833333333
7.265625 60.18798828125 20.0625 133.958824157715
7.28125 60.501953125 20.125 134.901713053385
7.296875 60.81689453125 20.1875 135.849515279134
7.3125 61.1328125 20.25 136.80224609375
7.328125 61.44970703125 20.3125 137.759920756022
7.34375 61.767578125 20.375 138.72255452474
7.359375 62.08642578125 20.4375 139.690162658691
7.375 62.40625 20.5 140.662760416667
7.390625 62.72705078125 20.5625 141.640363057454
7.40625 63.048828125 20.625 142.622985839844
7.421875 63.37158203125 20.6875 143.610644022624
7.4375 63.6953125 20.75 144.603352864583
7.453125 64.02001953125 20.8125 145.601127624512
7.46875 64.345703125 20.875 146.603983561198
7.484375 64.67236328125 20.9375 147.611935933431
7.5 65 21 148.625
7.515625 65.32861328125 21.0625 149.643191019694
7.53125 65.658203125 21.125 150.666524251302
7.546875 65.98876953125 21.1875 151.695014953613
7.5625 66.3203125 21.25 152.728678385417
7.578125 66.65283203125 21.3125 153.767529805501
7.59375 66.986328125 21.375 154.811584472656
7.609375 67.32080078125 21.4375 155.860857645671
7.625 67.65625 21.5 156.915364583333
7.640625 67.99267578125 21.5625 157.975120544434
7.65625 68.330078125 21.625 159.04014078776
7.671875 68.66845703125 21.6875 160.110440572103
7.6875 69.0078125 21.75 161.18603515625
7.703125 69.34814453125 21.8125 162.266939798991
7.71875 69.689453125 21.875 163.353169759115
7.734375 70.03173828125 21.9375 164.44474029541
7.75 70.375 22 165.541666666667
7.765625 70.71923828125 22.0625 166.643964131673
7.78125 71.064453125 22.125 167.751647949219
7.796875 71.41064453125 22.1875 168.864733378092
7.8125 71.7578125 22.25 169.983235677083
7.828125 72.10595703125 22.3125 171.10717010498
7.84375 72.455078125 22.375 172.236551920573
7.859375 72.80517578125 22.4375 173.37139638265
7.875 73.15625 22.5 174.51171875
7.890625 73.50830078125 22.5625 175.657534281413
7.90625 73.861328125 22.625 176.808858235677
7.921875 74.21533203125 22.6875 177.965705871582
7.9375 74.5703125 22.75 179.128092447917
7.953125 74.92626953125 22.8125 180.29603322347
7.96875 75.283203125 22.875 181.469543457031
7.984375 75.64111328125 22.9375 182.648638407389
8 76 23 183.833333333333
8.015625 76.35986328125 23.0625 185.023643493652
8.03125 76.720703125 23.125 186.219584147135
8.046875 77.08251953125 23.1875 187.421170552572
8.0625 77.4453125 23.25 188.62841796875
8.078125 77.80908203125 23.3125 189.84134165446
8.09375 78.173828125 23.375 191.05995686849
8.109375 78.53955078125 23.4375 192.284278869629
8.125 78.90625 23.5 193.514322916667
8.140625 79.27392578125 23.5625 194.750104268392
8.15625 79.642578125 23.625 195.991638183594
8.171875 80.01220703125 23.6875 197.238939921061
8.1875 80.3828125 23.75 198.492024739583
8.203125 80.75439453125 23.8125 199.750907897949
8.21875 81.126953125 23.875 201.015604654948
8.234375 81.50048828125 23.9375 202.286130269368
8.25 81.875 24 203.5625
8.265625 82.25048828125 24.0625 204.844729105632
8.28125 82.626953125 24.125 206.132832845052
8.296875 83.00439453125 24.1875 207.426826477051
8.3125 83.3828125 24.25 208.726725260417
8.328125 83.76220703125 24.3125 210.032544453939
8.34375 84.142578125 24.375 211.344299316406
8.359375 84.52392578125 24.4375 212.662005106608
8.375 84.90625 24.5 213.985677083333
8.390625 85.28955078125 24.5625 215.315330505371
8.40625 85.673828125 24.625 216.65098063151
8.421875 86.05908203125 24.6875 217.99264272054
8.4375 86.4453125 24.75 219.34033203125
8.453125 86.83251953125 24.8125 220.694063822428
8.46875 87.220703125 24.875 222.053853352865
8.484375 87.60986328125 24.9375 223.419715881348
8.5 88 25 224.791666666667
8.515625 88.39111328125 25.0625 226.169720967611
8.53125 88.783203125 25.125 227.553894042969
8.546875 89.17626953125 25.1875 228.94420115153
8.5625 89.5703125 25.25 230.340657552083
8.578125 89.96533203125 25.3125 231.743278503418
8.59375 90.361328125 25.375 233.152079264323
8.609375 90.75830078125 25.4375 234.567075093587
8.625 91.15625 25.5 235.98828125
8.640625 91.55517578125 25.5625 237.41571299235
8.65625 91.955078125 25.625 238.849385579427
8.671875 92.35595703125 25.6875 240.28931427002
8.6875 92.7578125 25.75 241.735514322917
8.703125 93.16064453125 25.8125 243.188000996908
8.71875 93.564453125 25.875 244.646789550781
8.734375 93.96923828125 25.9375 246.111895243327
8.75 94.375 26 247.583333333333
8.765625 94.78173828125 26.0625 249.06111907959
8.78125 95.189453125 26.125 250.545267740885
8.796875 95.59814453125 26.1875 252.035794576009
8.8125 96.0078125 26.25 253.53271484375
8.828125 96.41845703125 26.3125 255.036043802897
8.84375 96.830078125 26.375 256.54579671224
8.859375 97.24267578125 26.4375 258.061988830566
8.875 97.65625 26.5 259.584635416667
8.890625 98.07080078125 26.5625 261.113751729329
8.90625 98.486328125 26.625 262.649353027344
8.921875 98.90283203125 26.6875 264.191454569499
8.9375 99.3203125 26.75 265.740071614583
8.953125 99.73876953125 26.8125 267.295219421387
8.96875 100.158203125 26.875 268.856913248698
8.984375 100.57861328125 26.9375 270.425168355306
9 101 27 272
9.015625 101.42236328125 27.0625 273.581423441569
9.03125 101.845703125 27.125 275.169453938802
9.046875 102.27001953125 27.1875 276.764106750488
9.0625 102.6953125 27.25 278.365397135417
9.078125 103.12158203125 27.3125 279.973340352376
9.09375 103.548828125 27.375 281.587951660156
9.109375 103.97705078125 27.4375 283.209246317546
9.125 104.40625 27.5 284.837239583333
9.140625 104.83642578125 27.5625 286.471946716309
9.15625 105.267578125 27.625 288.11338297526
9.171875 105.69970703125 27.6875 289.761563618978
9.1875 106.1328125 27.75 291.41650390625
9.203125 106.56689453125 27.8125 293.078219095866
9.21875 107.001953125 27.875 294.746724446615
9.234375 107.43798828125 27.9375 296.422035217285
9.25 107.875 28 298.104166666667
9.265625 108.31298828125 28.0625 299.793134053548
9.28125 108.751953125 28.125 301.488952636719
9.296875 109.19189453125 28.1875 303.191637674967
9.3125 109.6328125 28.25 304.901204427083
9.328125 110.07470703125 28.3125 306.617668151855
9.34375 110.517578125 28.375 308.341044108073
9.359375 110.96142578125 28.4375 310.071347554525
9.375 111.40625 28.5 311.80859375
9.390625 111.85205078125 28.5625 313.552797953288
9.40625 112.298828125 28.625 315.303975423177
9.421875 112.74658203125 28.6875 317.062141418457
9.4375 113.1953125 28.75 318.827311197917
9.453125 113.64501953125 28.8125 320.599500020345
9.46875 114.095703125 28.875 322.378723144531
9.484375 114.54736328125 28.9375 324.164995829264
9.5 115 29 325.958333333333
9.515625 115.45361328125 29.0625 327.758750915527
9.53125 115.908203125 29.125 329.566263834635
9.546875 116.36376953125 29.1875 331.380887349447
9.5625 116.8203125 29.25 333.20263671875
9.578125 117.27783203125 29.3125 335.031527201335
9.59375 117.736328125 29.375 336.86757405599
9.609375 118.19580078125 29.4375 338.710792541504
9.625 118.65625 29.5 340.561197916667
9.640625 119.11767578125 29.5625 342.418805440267
9.65625 119.580078125 29.625 344.283630371094
9.671875 120.04345703125 29.6875 346.155687967936
9.6875 120.5078125 29.75 348.034993489583
9.703125 120.97314453125 29.8125 349.921562194824
9.71875 121.439453125 29.875 351.815409342448
9.734375 121.90673828125 29.9375 353.716550191244
9.75 122.375 30 355.625
9.765625 122.84423828125 30.0625 357.540774027507
9.78125 123.314453125 30.125 359.463887532552
9.796875 123.78564453125 30.1875 361.394355773926
9.8125 124.2578125 30.25 363.332194010417
9.828125 124.73095703125 30.3125 365.277417500814
9.84375 125.205078125 30.375 367.230041503906
9.859375 125.68017578125 30.4375 369.190081278483
9.875 126.15625 30.5 371.157552083333
9.890625 126.63330078125 30.5625 373.132469177246
9.90625 127.111328125 30.625 375.11484781901
9.921875 127.59033203125 30.6875 377.104703267415
9.9375 128.0703125 30.75 379.10205078125
9.953125 128.55126953125 30.8125 381.106905619303
9.96875 129.033203125 30.875 383.119283040365
9.984375 129.51611328125 30.9375 385.139198303223
