0.1 9.51350760020597 2.25271264138442
0.225 4.05295821526885 1.39944703801219
0.35 2.54614695418689 0.934581218103001
0.475 1.86458831617536 0.623040286731552
0.6 1.48919223700414 0.39823385013965
0.725 1.26015652897543 0.231235942593136
0.85 1.11248372918729 0.10659510950168
0.975 1.01506311765591 0.0149507954430194
1.1 0.951350760020597 -0.0498724516096251
1.225 0.911915598435492 -0.0922078387655307
1.35 0.891151433965412 -0.115240906395676
1.475 0.885679450183296 -0.121400188215944
1.6 0.893515342202484 -0.112591773626341
1.725 0.913613483507183 -0.0903476815343266
1.85 0.945611169809197 -0.0559238199960952
1.975 0.98968653971451 -0.0103670125412705
2.1 1.04648583602266 0.0454377281946998
2.225 1.11709660808348 0.11073300523116
2.35 1.20305443585331 0.184863686054662
2.475 1.30637718902036 0.267257801575839
2.6 1.42962454752397 0.357411855619395
2.725 1.57598325904989 0.454879368948996
2.85 1.74938066414701 0.559261819094138
2.975 1.95463091593616 0.670201385811815
3.1 2.19762025564758 0.787375072924077
3.225 2.48553995298574 0.910489920849363
3.35 2.82717792425527 1.03927901421073
3.475 3.2332835428254 1.17349819759649
3.6 3.71702382356233 1.31292330064683
3.725 4.29455438091095 1.4573477970642
3.85 4.98573489281899 1.6065808133747
3.975 5.81502697491007 1.76044542480941
4.1 6.8126227925075 1.91877718441518
4.225 8.015866348379 2.0814228710971
4.35 9.47104604625516 2.2482393600477
4.475 11.2356603113182 2.41909267661325
4.6 13.3812857648244 2.5938571461089
4.725 15.9972150688933 2.77241464889573
4.85 19.1950793373531 2.95465396167439
4.975 23.1147322252675 3.1404701729157
5.1 27.9317534492807 3.32976415812544
5.225 33.8670353219013 3.52244213190624
5.35 41.1990503012099 3.7184152051483
5.475 50.2795798931492 3.91759902834007
5.6 61.5539145181923 4.11991344960394
5.725 75.5868412005208 4.32528220984143
5.85 93.0961347861626 4.53363266662378
5.975 114.995792820706 4.74489554352626
6.1 142.451942591332 4.95900469785572
6.225 176.955259556934 5.17589692975711
6.35 220.414919111473 5.39551176605621
6.475 275.280699914992 5.61779130404263
6.6 344.701921301877 5.84268004734505
6.725 432.734665872982 6.07012475928174
6.85 544.612388499051 6.30007432786755
6.975 687.099862103718 6.53247964134383
7.1 868.956849807123 6.76729346903499
7.225 1101.54649074192 7.00447037210788
7.35 1399.63473635785 7.24396657896081
7.475 1782.44253194957 7.48573991162823
7.6 2275.03268059239 7.72974969637743
7.725 2910.1406279958 7.97595668476964
7.85 3730.5948612185 8.22432298014168
7.975 4792.52153817343 8.47481196905126
