0 3.04159265358979 0
0.0625 3.04061771788035 -0.0309542087747734
0.141781103707322 3.03660395605247 -0.0703937043051353
0.234540946012938 3.02789569682126 -0.118326545989413
0.334113894540769 3.0134480906933 -0.17411149054646
0.424457187113483 2.99528830983033 -0.230820016792262
0.498346804053431 2.97640081334039 -0.283072230626782
0.564818576903572 2.95592438332804 -0.335688587266081
0.62429719496846 2.93447385496451 -0.388140826877518
0.677926747133026 2.9123189531148 -0.440472485149925
0.726809243972998 2.88956146675278 -0.492889956284074
0.774058676224738 2.86501843366129 -0.548327494904349
0.81664026620531 2.8405562720128 -0.6027360360784
0.857766046991018 2.81464196897537 -0.659657724387178
0.897115106714918 2.78756957387586 -0.718488499722458
0.934593973577657 2.7595501903845 -0.778809095796549
0.970243232897754 2.73072544073654 -0.840345604281927
1.00417474776679 2.70118254893596 -0.902932438794096
1.03653255874408 2.67096790876243 -0.966481668921317
1.06747011550759 2.64009794567065 -1.0309595968435
1.09713798194631 2.60856716319093 -1.09636988956589
1.12567790569848 2.57635374041468 -1.1627420139668
1.15322057771731 2.54342317819876 -1.2301236861798
1.1798854278702 2.50973045895546 -1.29857623760253
1.20578147504089 2.47522109158315 -1.368172051208
1.23100867289519 2.43983130948391 -1.43899345799448
1.25565944978983 2.40348759569046 -1.51113267808765
1.27982029445464 2.366105629632 -1.58469254151893
1.30357332896487 2.32758868295101 -1.65978783657779
1.32699786326235 2.28782543237365 -1.73654721746871
1.35017195727714 2.24668710057188 -1.81511566505049
1.37317403727676 2.20402377607454 -1.89565753853277
1.39608462773408 2.15965969658621 -1.97836027996441
1.41898827024547 2.11338720601209 -2.06343882344849
1.44197570312675 2.0649590234186 -2.15114067912447
1.46514635508291 2.01407842875792 -2.24175141508284
1.48861112492568 1.96038708570684 -2.33559962854901
1.51249517712529 1.90345079154422 -2.43305896338085
1.53693983169665 1.84274527912195 -2.53454108710895
1.56210097203789 1.77764936525896 -2.64046508053541
1.58813746762963 1.70746603467317 -2.75117012621492
1.6151751334804 1.63152166985445 -2.86670402456578
1.64322221324999 1.5494379040924 -2.98638894699671
1.67202817290057 1.461647876417 -3.10817293558553
1.70097786645353 1.36991009272165 -3.22827083696044
1.72774007469909 1.28204892167716 -3.33615030365905
1.75214981155899 1.19943492400448 -3.43098118237421
1.77438376834169 1.12221102151848 -3.51365331738371
1.79476960286811 1.04982862994202 -3.58576041606167
1.81451435073508 0.978358095240915 -3.65172690507387
1.83338918755665 0.908856100266885 -3.71078027539943
1.85133498897732 0.841777470196056 -3.76291371156466
1.86838802909256 0.777202907821763 -3.80850850542395
1.88462961389971 0.715009793905766 -3.84809296466032
1.9001562858675 0.654982536795269 -3.88221084320575
1.91506412960576 0.596876546874111 -3.91136017459183
1.92944158236868 0.540451754830841 -3.93597150127105
1.94336692388487 0.485487978339379 -3.95640572128
1.95690812653607 0.431790256935561 -3.97296039785161
1.97012376514748 0.379189054651649 -3.98587879428091
1.98306430177311 0.327538109090061 -3.99535894972039
1.99577340961387 0.276711419491507 -4.00156170824846
2.00828918810595 0.22660012661176 -4.00461739246629
2.02064521775882 0.177109629043604 -4.00463116021286
2.03287144999973 0.128157064625365 -4.00168721426437
2.04499494767129 0.0796691773411536 -3.99585206440668
2.0570404989031 0.0315805405088233 -3.98717702721659
2.06903112779141 -0.0161679117572127 -3.97570011958895
2.08098852330525 -0.0636300962350597 -3.96144747045606
2.09293340491934 -0.110855783203128 -3.94443434655842
2.10488584052668 -0.157891431348152 -3.92466586417894
2.11686552957778 -0.204780889400146 -3.90213743946048
2.12889206225265 -0.251565992363041 -3.87683501468367
2.14098516379743 -0.298287074382284 -3.84873508593663
2.15316493189936 -0.344983415194847 -3.81780454828238
2.16545207405656 -0.391693632565013 -3.78400036731208
2.17786815123479 -0.438456028830639 -3.74726908057313
2.19043583358656 -0.48530889527747 -3.70754612876955
2.20317917350051 -0.532290772999938 -3.66475501520593
2.21612390054759 -0.579440662469074 -3.61880629358684
2.22929774167658 -0.626798165160796 -3.56959639072837
2.24273076776098 -0.674403527735781 -3.51700628508011
2.2564557634353 -0.722297540038536 -3.46090008949464
2.27050860961511 -0.770521209014944 -3.40112363633393
2.28492865472757 -0.819115086185411 -3.33750324950613
2.29975902749487 -0.868118058848519 -3.26984503521443
2.31504680479569 -0.917565314441716 -3.19793526820803
2.33084288330474 -0.967485041987777 -3.1215428471617
2.34720130107889 -1.01789323800459 -3.04042540927535
2.36417760403568 -1.06878575438904 -2.95434158468454
2.3818256573318 -1.12012655041692 -2.86307298386742
2.40019212249527 -1.17183123960139 -2.76646045187767
2.41930784709585 -1.22374599176531 -2.66445870741972
2.43917604652172 -1.27562448925657 -2.55720927242986
2.45975891972373 -1.32711045044753 -2.44512053135612
2.48096722337985 -1.3777385767983 -2.32892621699816
2.50265958146981 -1.42696695018395 -2.20968068444877
2.5246565045241 -1.47424230683831 -2.08866194456305
2.54676696299994 -1.51907945553375 -1.96719854897176
2.56881779820156 -1.56112428732793 -1.84648286727597
2.59067517180691 -1.6001789786823 -1.72743835951046
2.61225303183268 -1.63618935634536 -1.61067083242641
2.63351035407088 -1.66920965793953 -1.49649075512673
2.65444213721947 -1.69936187012058 -1.38497402221668
2.67506876332096 -1.72680068963175 -1.27603166075289
2.69542649009954 -1.75168817892565 -1.16947116944354
2.71556013540476 -1.77417776497711 -1.06504316078022
2.73551798254845 -1.79440544052647 -0.962473472860797
2.75534849406639 -1.81248582370021 -0.861483599290676
2.77509832892386 -1.82851118167431 -0.761802762588564
2.79481122075043 -1.84255210118524 -0.663174484948369
2.81452738209789 -1.85465897920011 -0.56535978953621
2.83428320276726 -1.86486386070642 -0.468138499090724
2.85411109321431 -1.87318238220868 -0.371309577377753
2.87403938611418 -1.87961572008425 -0.274691081749288
2.8940922545787 -1.88415252049298 -0.178120030648909
2.91428963900098 -1.88677082226844 -0.0814523052029441
2.93464719946068 -1.88743998923782 0.0154374261225562
2.95517632859443 -1.88612265217546 0.112655861013437
2.97588427056027 -1.88277662965317 0.210291451129796
2.99677439368548 -1.87735675842452 0.308415197692687
3.01784665578757 -1.86981652655374 0.407082002293616
3.03909828121506 -1.86010937697306 0.50633264800869
3.06052463881684 -1.84818954627681 0.606196371393376
3.08212027450982 -1.83401233112382 0.706693843576915
3.10388001709292 -1.81753373454739 0.807840230622738
3.12580004768135 -1.79870953189372 0.909647872516467
3.1478788052771 -1.7774939016215 1.01212802086795
3.17011759271055 -1.75383788096302 1.11529100618121
3.19252074292913 -1.72768802802303 1.21914414887277
3.2150951970448 -1.69898580762635 1.3236866597994
3.23784932565346 -1.66766838300559 1.4289006843205
3.26079079435441 -1.63367169991 1.53473756205999
3.28392325133745 -1.59693697309902 1.6410984296107
3.30724164970188 -1.5574218242687 1.74780877221923
3.330726207306 -1.51511711558713 1.85458792672261
3.35433548955244 -1.47006950773392 1.96101744732259
3.3779999661479 -1.4224074068814 2.06651683105541
3.40161846134977 -1.37236422792684 2.17033992750401
3.42506047563994 -1.32028930973033 2.27160634439529
3.44817632633786 -1.2666367635104 2.36937411804212
3.47081405226657 -1.21192893999969 2.46274246956075
3.49283853390599 -1.15670220136983 2.5509561616688
3.51414691072063 -1.1014510694277 2.63347950124216
3.53467626950498 -1.04658645933696 2.71002208282922
3.55440316434414 -0.992415726590762 2.78051920735649
3.57333733152274 -0.939143034340307 2.84508392973416
3.59151282746557 -0.886883184961114 2.90395005908184
3.6089791864532 -0.835681329298987 2.95742001771522
3.62579404882377 -0.785532933389891 3.00582420632938
3.64201773159925 -0.736400936665796 3.04949301191651
3.65770962460448 -0.688229035015205 3.08873965962225
3.67292604509208 -0.64095120173487 3.12385114610618
3.68771914242954 -0.594498082437305 3.15508461558059
3.7021365002587 -0.548801022992562 3.18266708817682
3.71622116830433 -0.503794418063793 3.20679705696367
3.73001193647968 -0.459416928151685 3.22764698077193
3.74354372821466 -0.415611969510884 3.24536607731951
3.75684803663302 -0.372327759900525 3.26008307791676
3.76995335906605 -0.329517110128599 3.27190876939321
3.7828856060978 -0.287137084333069 3.28093824853458
3.79566847422354 -0.24514860568587 3.28725287132671
3.80832377886212 -0.20351605334078 3.29092190951596
3.82087174875692 -0.16220687645777 3.29200394108565
3.83333128500285 -0.121191238575098 3.29054800607935
3.84572018888558 -0.0804416979761078 3.2865945590291
3.85805536294908 -0.039932925280951 3.28017624661577
3.87035298955099 0.000358542882614728 3.27131853556523
3.88262869082249 0.0404545163787272 3.26004021197292
3.89489767353555 0.080375332807355 3.24635376966398
3.90717486195945 0.12014000992116 3.23026570202618
3.91947502138946 0.159766371212746 3.21177670907127
3.9318128746654 0.199271146056344 3.19088182930105
3.94420321366241 0.238670045040364 3.16757050427819
3.95666100742082 0.277977810255432 3.14182658263482
3.96920150826695 0.317208239288545 3.11362826962687
3.98184035693699 0.356374180476102 3.08294802833608
3.99459368731473 0.395487495523382 3.04975243936908
4.00747823088392 0.43455898381872 3.01400202762496
4.02051142030845 0.473598260544376 2.97565106773312
4.03371149059609 0.512613577871723 2.93464738459445
4.04709757494361 0.551611574954403 2.89093217279513
4.06068979042411 0.590596937903556 2.8444398694933
4.07450930591665 0.629571945241986 2.79509813105511
4.08857838077291 0.668535867327916 2.74282798602569
4.10292035725824 0.707484179895188 2.68754426820235
4.11755958232763 0.746407542499009 2.62915647618982
4.13252122434848 0.785290483320669 2.56757026224514
4.14783093773945 0.824109724859458 2.50268982444624
4.16351431360792 0.862832085290024 2.43442155922897
4.17959603930847 0.901411906281332 2.36267941424764
4.19609867930323 0.939788003899183 2.28739243551777
4.21304099352381 0.977880235055898 2.20851497117274
4.23043574393837 1.01558594131177 2.12603978248316
4.24828702740108 1.05277678989934 2.04001379342642
4.2665873334155 1.08929685952139 1.95055526726435
4.28531475749994 1.12496312253363 1.85786984495049
4.30443104945709 1.15956955863197 1.7622614382311
4.32388131183505 1.19289573723652 1.66413319462392
4.34359601837614 1.22471967098081 1.56397462905732
4.36349550612224 1.25483327098451 1.46233407220421
4.38349633825246 1.28305746983006 1.35978005936021
4.40351828747423 1.30925378497227 1.25685911955767
4.42349050306293 1.33333006761819 1.15405854102659
4.44335578335477 1.35523994851115 1.05178056466369
4.4630725471341 1.37497716207593 0.950330455491028
4.48261473384054 1.39256683502141 0.84991709215348
4.5019702354917 1.40805585334221 0.750662468521674
4.52113854235381 1.421503882455 0.652616013098109
4.5401281675167 1.43297591205294 0.555770322944527
4.55895422447399 1.44253660443463 0.46007605062066
4.57763635147501 1.45024634406536 0.365454764424212
4.59619704407202 1.45615870235104 0.271809398437067
4.61466037710238 1.46031898465731 0.179032393094451
4.63305105823171 1.46276355523332 0.0870118649579245
4.6513937427928 1.46351969550183 -0.0043637782828078
4.66971254195146 1.46260581614919 -0.0952023729605073
4.68803066494089 1.46003190134565 -0.185605330988637
4.70637014630416 1.45580011039673 -0.275665475221855
4.72475161823481 1.44990549864023 -0.365465142601212
4.74319409519929 1.44233684767286 -0.455074365432414
4.76171474296109 1.43307761752901 -0.544548977067439
4.78032860735738 1.42210705227929 -0.633928516775679
4.79904828055345 1.40940148676386 -0.723233834942692
4.81788348523738 1.39493591558461 -0.812464331011699
4.83684056194889 1.37868589403704 -0.901594801614105
4.85592185352882 1.3606298401061 -0.990571945277785
4.87512499589052 1.34075179017231 -1.07931067296018
4.89444214810878 1.31904461969485 -1.16769051673479
4.91385922804977 1.29551366458862 -1.25555260837242
4.93335526015788 1.27018056413762 -1.34269789192441
4.95290198199454 1.24308699833899 -1.42888738779932
4.97246388147584 1.2142978377007 -1.5138453584088
4.9919988283787 1.18390311210897 -1.59726604307194
5.01145940450865 1.15201820390074 -1.67882416972333
5.0307949234051 1.11878183472746 -1.75818874161384
5.04995398292843 1.08435175313553 -1.83503879835935
5.06888725647984 1.04889847046997 -1.90907922577475
5.08755015217527 1.01259780238609 -1.98005449510133
5.10590498655283 0.975623209793959 -2.04775856109204
5.12392242553341 0.938138917930831 -2.11203993294353
5.14158210074718 0.900294548234209 -2.17280187826684
5.15887246112865 0.862221628776541 -2.22999852805475
5.17579002681522 0.824031981756771 -2.28362812663196
5.19233825899559 0.785817714222577 -2.33372477890505
5.20852625279947 0.74765239670205 -2.38034987406423
5.22436742026084 0.709592990437972 -2.42358404512492
5.23987827757488 0.671682138735244 -2.46352017828915
5.25507740051881 0.633950529840304 -2.50025769203712
5.26998457202923 0.596419135914027 -2.53389809488456
5.2846201187186 0.55910121651769 -2.56454170273865
5.299004417277 0.522004038305956 -2.59228533543441
5.31315754450257 0.485130305230963 -2.61722079659302
5.32709904324753 0.448479318987793 -2.63943395282686
5.34084777845628 0.412047902207456 -2.65900425359533
5.35442186097586 0.375831121247835 -2.67600456255187
5.36783862081906 0.339822844692884 -2.69050119973535
5.38111461541692 0.304016170236909 -2.70255411887801
5.39426566179272 0.268403748071565 -2.71221716455044
5.40730688441362 0.232978024153136 -2.71953836991386
5.4202527727324 0.197731422319405 -2.72456026802799
5.43311724417956 0.162656480384045 -2.72732019865127
5.44591370968829 0.127745952130346 -2.7278505989501
5.45865513981361 0.0929928845328618 -2.72617927110398
5.47135413021802 0.0583906774893173 -2.72232962295173
5.48402296580128 0.0239331317651128 -2.71632087996134
5.49667368310357 -0.0103855103409627 -2.70816826822483
5.50931813084638 -0.0445705279801917 -2.69788316910619
5.52196802862474 -0.0786266853810679 -2.68547324677579
5.53463502384786 -0.112558193531721 -2.67094255027483
5.54733074705725 -0.146368667575772 -2.65429159206716
5.56006686574039 -0.180061077682228 -2.63551740532981
5.57285513670829 -0.213637691126156 -2.61461358257676
5.58570745701529 -0.247100003177391 -2.59157029866479
5.59863591326588 -0.280448654143703 -2.56637432186423
5.61165282896579 -0.313683329552716 -2.53900901756633
5.62477080932084 -0.346802639979423 -2.50945435043529
5.6380027825467 -0.379803976428208 -2.47768689251086
5.65136203630096 -0.412683336455256 -2.44367984707038
5.66486224725273 -0.445435115369632 -2.40740310114549
5.67851750102319 -0.478051855891202 -2.36882332367861
5.69234229871419 -0.510523948604901 -2.3279041316561
5.70635154493571 -0.542839274506119 -2.28460635346117
5.72056051059021 -0.574982780017068 -2.23888842744333
5.73498476162648 -0.606935974306204 -2.19070698453786
5.74964004252522 -0.638676338953391 -2.14001767674293
5.76454210048353 -0.670176641589998 -2.08677632803063
5.77970643332696 -0.701404149034094 -2.03094049973816
5.79514794153879 -0.732319742960985 -1.97247157625721
5.81088046328519 -0.762876954056496 -1.91133748445164
5.82691617231331 -0.793020950987396 -1.84751615424016
5.84326482418516 -0.822687550418764 -1.7809997969781
5.85993284924148 -0.85180235474196 -1.71180000774309
5.87692231399414 -0.880280173466015 -1.63995357090924
5.89422980847454 -0.908024935445626 -1.56552865355382
5.91184536456072 -0.9349303373933 -1.48863081239758
5.92975156267741 -0.960881475591445 -1.40940795317184
5.94792302641406 -0.985757643425309 -1.32805314780892
5.9663265140022 -1.00943632517948 -1.24480415730526
5.9849217693883 -1.03179818032611 -1.1599387528217
6.00366318415591 -1.05273253913486 -1.07376553154195
6.02250216183235 -1.07214270804655 -0.986610799342204
6.04138991409435 -1.08995030932091 -0.898802991838866
6.0602803120366 -1.10609800841806 -0.810656709875749
6.07913240571155 -1.12055028724988 -0.722458524269228
6.09791231275754 -1.13329230027655 -0.634456241216945
6.11659432462293 -1.14432717902419 -0.546852512898502
6.13516123281905 -1.15367234163254 -0.459802822582134
6.15360399413778 -1.16135539715471 -0.373417214917661
6.1719209139279 -1.16741014590952 -0.28776479112528
6.19011653479065 -1.17187302797901 -0.202879926619215
6.20820039171894 -1.17478021685593 -0.118769302765748
6.22618575293575 -1.1761654282455 -0.0354190694546058
6.24408842299162 -1.17605842749472 0.0471983104184041
6.26192564912364 -1.17448417069539 0.129117785955349
6.27971514622286 -1.17146249494957 0.210376120455015
6.29747423955172 -1.16700827214068 0.291006987278711
6.31521911577393 -1.16113194898979 0.371036727553219
6.33296416989291 -1.1538404077952 0.450480721401179
6.35072143668862 -1.14513809281102 0.529340330143279
6.36850009901794 -1.13502835402855 0.607600387551428
6.38630607106905 -1.12351496155148 0.68522724801725
6.40414166161759 -1.11060373899126 0.762167433205358
6.4220053296836 -1.09630425343531 0.838346950568149
6.43989155158668 -1.08063148382116 0.913671379953298
6.45779082274199 -1.06360737176974 0.988026830285659
6.47568981790446 -1.04526214354752 1.06128184892607
6.49357172839288 -1.02563528460125 1.13329031625797
6.51141678329193 -1.00477605500444 1.2038952773278
6.52920294430837 -0.982743459510666 1.27293355916546
6.54690674318541 -0.959605630354968 1.34024091381587
6.56450421028772 -0.93543863993943 1.40565733644331
6.58197182780505 -0.910324824484768 1.46903215864075
6.59928743494875 -0.88435075611483 1.5302285253044
6.61643101744869 -0.857605037881887 1.58912693150818
6.63338532874171 -0.830176106611964 1.64562761090825
6.65013631212302 -0.802150211484938 1.69965170521779
6.66667331710887 -0.7736096977334 1.75114127759281
6.68298912476409 -0.744631674589204 1.8000583383552
6.69907981254894 -0.715287095244219 1.84638311633912
6.71494449797339 -0.685640232667948 1.89011183143106
6.73058500237546 -0.655748503587814 1.9312542105248
6.74600547297093 -0.625662575047924 1.96983095174396
6.76121199491485 -0.595426682190537 2.00587129268117
6.7762122173287 -0.565079089205469 2.03941078776577
6.79101500951105 -0.534652634347307 2.07048935459464
6.80563015676861 -0.504175311508448 2.09914961272305
6.82006809990989 -0.473670852803048 2.12543551197371
6.83433971851237 -0.443159287532622 2.149391230036
6.84845615546939 -0.412657462039696 2.17106030937054
6.86242867880109 -0.382179512093248 2.19048499932593
6.87626857600723 -0.351737284690309 2.20770576914535
6.88998707610072 -0.321340709770175 2.22276095972824
6.90359529468511 -0.29099812464855 2.23568654550315
6.91710419787058 -0.260716555309488 2.24651598178367
6.93052458135036 -0.230501959323731 2.25528011701597
6.9438670615084 -0.200359435320292 2.2620071530853
6.95714207595407 -0.170293403797966 2.26672264018232
6.97035989135511 -0.140307763751929 2.26944949558441
6.98353061685459 -0.110406029196395 2.27020803809113
6.99666422170932 -0.080591449246684 2.26901603180669
7.00977055607709 -0.0508671150204864 2.26588873454336
7.02285937411553 -0.0212360562508551 2.260838947388
7.03594035874029 0.00829866981566242 2.25387706299192
7.0490231475328 0.0377338949280631 2.24501111096386
7.06211735939207 0.0670662596506507 2.23424679942078
7.07523262159586 0.0962921345549543 2.22158755232159
7.08837859697758 0.12540754095199 2.2070345427185
7.10156501093726 0.154408069391312 2.19058672254239
7.11480167798984 0.183288794165669 2.17224085003034
7.12809852750908 0.212044182029125 2.15199151643767
7.14146562824929 0.24066799326472 2.12983117429189
7.15491321111495 0.269153173128209 2.10575017018021
7.16845168949343 0.297491731551038 2.07973678596177
7.18209167626094 0.325674608814717 2.05177729341161
7.19584399630578 0.353691524719728 2.02185602869464
7.20971969307289 0.38153080858069 1.98995549480186
7.22373002720645 0.40917920720997 1.95605650223201
7.23788646483646 0.436621667942304 1.9201383608455
7.25220065240728 0.463841093760501 1.8821791390259
7.26668437417035 0.49081806779187 1.84215601010387
7.28134948756014 0.517530544979628 1.80004571042918
7.29620783066027 0.543953509766348 1.75582513841689
7.31127109489917 0.570058600394326 1.70947212907799
7.32655065510042 0.595813703241183 1.66096644343006
7.34205734824341 0.621182524854527 1.61029101581206
7.35780119208125 0.646124155468392 1.55743350294065
7.37379103558578 0.670592646211743 1.50238817419996
7.39003413570577 0.694536633251782 1.44515816988038
7.4065356599662 0.717899055672929 1.38575812873687
7.42329812291531 0.740617029153862 1.3242171437838
7.44032077708436 0.762621952422097 1.26058194194044
7.45759899609105 0.783839934277994 1.1949200982523
7.47512370764735 0.804192629996459 1.12732299446147
7.49288095439833 0.823598560025784 1.05790813006175
7.51085167520148 0.841974944362688 0.986820319013716
7.52901180125558 0.859240019697219 0.914231294014498
7.54733274310161 0.875315718093314 0.840337329622997
7.56578230215404 0.890130491096034 0.765354705655334
7.5843259774675 0.903621986978668 0.689513147557436
7.60292856710427 0.915739259318119 0.613047740970208
7.62155590228024 0.926444221295656 0.536190130596798
7.64017651971557 0.935712161673791 0.459159985602536
7.65876308360819 0.94353128261679 0.382157690737788
7.67729341124377 0.949901369260499 0.305359012221981
7.69575102224303 0.954831819240013 0.228912155069122
7.71412520267847 0.958339323849462 0.152937265592326
7.73241063577796 0.960445496886567 0.0775281215852715
7.75060669135464 0.961174704286497 0.00275554237549186
7.76871648451665 0.960552277094949 -0.0713280468211701
7.78674581401646 0.958603211832514 -0.144683463368498
7.80470207767203 0.955351390503124 -0.217279530688737
7.82259324267204 0.950819295529196 -0.289088158555276
7.84042692717722 0.945028155237607 -0.360080031527847
7.85820962978846 0.937998431856033 -0.430221093442241
7.87594612697194 0.929750553082744 -0.499469928626593
7.89363904594385 0.920305786526367 -0.56777607205632
7.91128861144229 0.909687160596815 -0.635079229104916
7.92889255834666 0.897920343706814 -0.701309346688393
7.94644619719476 0.885034404906805 -0.766387446852191
7.96394261541365 0.871062393068317 -0.830227107776043
7.98137299302994 0.85604168847136 -0.892736454385467
7.99872700773894 0.840014099931386 -0.953820502074343
8.01599330089172 0.823025701615442 -1.01338368493433
8.03315997385411 0.805126424923367 -1.07133239740892
8.0502150839535 0.786369440188404 -1.12757738780853
8.06714711127216 0.766810378306654 -1.18203586424563
8.08394537188154 0.746506451970177 -1.23463320660233
8.10060035931075 0.725515539044623 -1.28530421836833
8.11710400332811 0.703895286964052 -1.33399389455001
8.13344984255192 0.681702287979893 -1.38065772118112
8.14963311411041 0.658991362548682 -1.42526155403421
8.16565076887899 0.635814974167299 -1.46778114636708
8.1815014243866 0.612222785477563 -1.50820140723286
8.19718526926603 0.588261353898153 -1.54651547395184
8.21270393333964 0.563973956228303 -1.58272367679383
8.22806033644627 0.539400525851115 -1.61683246324574
8.24325852734347 0.514577683139206 -1.64885333589045
8.25830352185165 0.489538838943486 -1.67880184395899
8.27320114716098 0.464314352018616 -1.70669665553221
8.28795789712199 0.438931723301923 -1.73255872607684
8.30258080152304 0.413415812594899 -1.75641056992276
8.31707731088142 0.387789065995887 -1.77827563446866
8.33145519714739 0.36207174512094 -1.79817777215056
8.34572246991143 0.336282151558708 -1.81614080219842
8.35988730716817 0.310436842052382 -1.83218815257755
8.3739579993717 0.284550831567005 -1.84634257191066
8.38794290536319 0.258637782703118 -1.85862590129389
8.40185041871786 0.232710180899306 -1.86905889650426
8.41568894310443 0.206779495577867 -1.87766109195147
8.42946687534707 0.18085632788173 -1.88445069871185
8.44319259500366 0.154950545975503 -1.88944452999846
8.4568744594099 0.129071409081221 -1.89265794840522
8.47052080327329 0.103227681525319 -1.89410483017812
8.48413994202912 0.0774277381155573 -1.8937975425936
8.49774017828613 0.0516796621673476 -1.89174693125905
8.51132981079079 0.0259913374745645 -1.88796231479546
8.52491714542543 0.000370535483161363 -1.8824514849272
8.53851050782545 -0.0251750011144638 -1.87522071049937
8.55211825725539 -0.050637477183895 -1.86627474438457
8.5657488014229 -0.0760089652017144 -1.85561683264072
8.57941061193263 -0.101281325426999 -1.84324872565711
8.59311224009008 -0.126446125069353 -1.82917069139101
8.60686233275614 -0.151494555326874 -1.81338153116956
8.62066964792639 -0.176417345149904 -1.79587859892772
8.63454306966184 -0.201204670556664 -1.77665782519271
8.64849162192881 -0.225846058286556 -1.75571374762831
8.66252448080884 -0.250330282528942 -1.73303955054321
8.67665098441236 -0.274645253414097 -1.70862711647268
8.69088063966532 -0.298777895905726 -1.68246709379156
8.70522312492903 -0.32271401770139 -1.6545489853441
8.71968828715315 -0.346438164743336 -1.62486126431749
8.7342861319402 -0.369933462989608 -1.59339152508012
8.74902680451037 -0.393181445224573 -1.56012667848672
8.76392055908933 -0.416161861942546 -1.52505320324805
8.77897771369783 -0.438852475777101 -1.48815746737833
8.79420858670452 -0.461228839651999 -1.44942613643765
8.80962341083165 -0.483264059902092 -1.40884668818281
8.82523221961996 -0.504928547187574 -1.36640805612606
8.84104470074166 -0.52618976026459 -1.32210142701232
8.85707001012977 -0.547011950763668 -1.27592121876068
8.87331654087312 -0.567355921251147 -1.22786626504837
8.88979164150659 -0.587178814154559 -1.1779412291003
8.90650128011545 -0.606433955652109 -1.12615826056339
8.92344965408109 -0.625070786153327 -1.0725388933255
8.9406387508916 -0.643034916916029 -1.01711615629908
8.95806787372058 -0.660268359413952 -0.959936831390185
8.9757331566367 -0.676709978226837 -0.901063742362041
8.99362710788037 -0.692296216515919 -0.840577897301686
9.01173823407378 -0.706962131979034 -0.778580243026229
9.03005081049897 -0.720642757120316 -0.715192735631407
9.04854486819912 -0.733274758943889 -0.65055840757156
9.06719646239036 -0.744798321670228 -0.584840141502212
9.08597826417305 -0.755159119104201 -0.518217963740285
9.10486047775955 -0.764310193936877 -0.450884849838459
9.12381203283269 -0.772213535937393 -0.383041271002211
9.14280194673743 -0.778841163976059 -0.314888955343851
9.16180070841424 -0.784175573574692 -0.246624527493733
9.18078151891322 -0.788209504181917 -0.17843376330474
9.19972123934568 -0.790945087733831 -0.110487121326839
9.21860094392363 -0.79239253510355 -0.0429370011896353
9.23740604174874 -0.79256857606164 0.0240831158818391
9.25612599955103 -0.791494879430232 0.0904577922366532
9.2747537526717 -0.789196646129384 0.156087412850614
9.29328492296027 -0.785701503596408 0.22088513986539
9.31171696755942 -0.781038755522739 0.284773582007757
9.3300483664258 -0.775238973894716 0.347681642482731
9.34827792743486 -0.768333872235816 0.40954187808986
9.36640425499699 -0.760356373373627 0.470288555964766
9.38442539811345 -0.751340779693627 0.52985646231513
9.40233867051166 -0.741322963248614 0.588180416119959
9.42014061999636 -0.730340511171091 0.645195374502885
9.43782711574438 -0.718432783358102 0.700836982243724
9.45539351946024 -0.705640860573095 0.755042409011921
9.47283490747281 -0.692007379545036 0.807751327080663
9.49014631456955 -0.677576266063587 0.858906902980565
9.50732297552202 -0.6623923870018 0.908456703482161
9.52436054602176 -0.646501147744323 0.956353445365062
9.54125529050711 -0.629948063154404 1.00255554657769
9.55800422967853 -0.612778328729198 1.04702746143712
9.57460524507222 -0.595036414857473 1.08973980307421
9.59105714171493 -0.576765702014472 1.13066927171832
9.60735967255371 -0.558008169133368 1.16979841758591
9.62351353007815 -0.538804141956707 1.20711527252752
9.63952031143566 -0.51919210337677 1.24261288597855
9.65538246353676 -0.499208563905021 1.27628879910369
9.6711032143314 -0.478887987575447 1.30814448730251
9.68668649577815 -0.458262766755062 1.33818479634933
9.70213686317866 -0.437363238385527 1.36641739211033
9.71745941463022 -0.416217733942125 1.39285223856764
9.73265971345067 -0.394852655685421 1.41750111414931
9.74774371561138 -0.373292572422368 1.44037717232331
9.76271770350877 -0.351560328838248 1.46149454914191
9.77758822682597 -0.329677163390827 1.48086801790962
9.79236205078255 -0.307662830687674 1.49851268932444
9.80704611173105 -0.285535725139556 1.51444375421022
9.82164747981956 -0.263313003463504 1.52867626520728
9.83617332828124 -0.241010704282965 1.54122495341277
9.85063090881918 -0.218643863636468 1.55210407586463
9.86502753251123 -0.19622662566593 1.56132728986288
9.87937055565185 -0.173772348121426 1.56890755035202
9.89366736996553 -0.151293702603675 1.57485702689839
9.90792539665954 -0.128802769681858 1.57918703714773
9.92215208382654 -0.106311129185443 1.58190799401408
9.93635490675419 -0.0838299460860612 1.58302936421353
9.95054137074629 -0.0613700524691769 1.58255963610382
9.96471901610463 -0.0389420261540295 1.58050629511743
9.97889542496179 -0.016556266561086 1.57687580538024
9.99307822969019 0.00577693154506938 1.57167359638996
10 0.0166455907022013 1.5685682560158
